###################################################################################
#
# Additional data for each star classification
#
# Format by column:
#   1   Star classification letter [O,B,A,F,G,K,M,N,WC,WN,R,C,S,DA,DB,DC,DO,DQ,DZ]
#   2   Star classification number [0-9]
#   3   Luminosity (empty for Dwarf types) [Ia0,Ia,Ib,II,III,IV,V,VI]
#   4   Mass [mass of star/mass of sun]
#   5   Luminosity [luminosity of star/luminosity of sun]
#   6   Radius [radius of star/radius of sun]
#   7   Temperature [K]
#   8   Colour Index B-V
#   9   Absolute Magnitude
#   10  Bolometric Correction (Temperature)
#   11  Bolometric Magnitude
#   12  RGB Colour, R component [0-255]
#   13  RGB Colour, G component [0-255]
#   14  RGB Colour, B component [0-255]
#
# Source: http://www.isthe.com/chongo/tech/astro/HR-temp-mass-table-byhrclass.html
#
###################################################################################
O,0,Ia0,160.0,3.41e+07,8.02e+01,50000,-0.35,-9.5,-4.58,-14.08,144,166,255
O,0,Ia,150.0,2.59e+06,2.21e+01,50000,-0.35,-6.7,-4.58,-11.28,144,166,255
O,0,Ib,140.0,2.15e+06,2.02e+01,50000,-0.35,-6.5,-4.58,-11.08,144,166,255
O,0,II,130.0,2.15e+06,2.02e+01,50000,-0.35,-6.5,-4.58,-11.08,144,166,255
O,0,III,120.0,2.15e+06,2.02e+01,50000,-0.35,-6.5,-4.58,-11.08,144,166,255
O,0,IV,110.0,1.36e+06,1.60e+01,50000,-0.35,-6.0,-4.58,-10.58,144,166,255
O,0,V,100.0,1.24e+06,1.53e+01,50000,-0.35,-5.9,-4.58,-10.48,144,166,255
O,0,VI,60.0,9.40e+05,1.33e+01,50000,-0.35,-5.6,-4.58,-10.18,144,166,255
O,1,Ia0,159.7,2.71e+07,7.88e+01,47600,-0.35,-9.4,-4.43,-13.83,146,168,255
O,1,Ia,149.3,2.25e+06,2.27e+01,47600,-0.35,-6.7,-4.43,-11.13,146,168,255
O,1,Ib,139.0,1.87e+06,2.07e+01,47600,-0.35,-6.5,-4.43,-10.93,146,168,255
O,1,II,128.6,1.73e+06,1.98e+01,47800,-0.35,-6.4,-4.44,-10.84,146,168,255
O,1,III,118.2,1.58e+06,1.89e+01,47800,-0.35,-6.3,-4.44,-10.74,146,168,255
O,1,IV,107.9,1.09e+06,1.57e+01,47800,-0.35,-5.9,-4.44,-10.34,145,167,255
O,1,V,97.5,9.94e+05,1.50e+01,47800,-0.35,-5.8,-4.44,-10.24,146,168,255
O,1,VI,37.0,7.54e+05,1.31e+01,47800,-0.35,-5.5,-4.44,-9.94,146,168,255
O,2,Ia0,159.4,2.14e+07,7.77e+01,45200,-0.35,-9.3,-4.28,-13.58,148,170,255
O,2,Ia,148.6,2.14e+06,2.46e+01,45200,-0.35,-6.8,-4.28,-11.08,148,170,255
O,2,Ib,137.9,1.62e+06,2.14e+01,45200,-0.35,-6.5,-4.28,-10.78,148,170,255
O,2,II,127.2,1.52e+06,2.03e+01,45600,-0.35,-6.4,-4.30,-10.70,148,170,255
O,2,III,116.5,1.26e+06,1.85e+01,45600,-0.35,-6.2,-4.30,-10.50,148,169,255
O,2,IV,105.7,8.72e+05,1.54e+01,45600,-0.35,-5.8,-4.30,-10.10,146,169,255
O,2,V,95.0,7.95e+05,1.47e+01,45600,-0.35,-5.7,-4.30,-10.00,148,170,255
O,2,VI,30.0,6.03e+05,1.28e+01,45600,-0.35,-5.4,-4.30,-9.70,148,170,255
O,3,Ia0,159.0,1.68e+07,7.69e+01,42800,-0.34,-9.2,-4.12,-13.32,151,172,255
O,3,Ia,148.0,1.85e+06,2.55e+01,42800,-0.34,-6.8,-4.12,-10.92,151,172,255
O,3,Ib,136.9,1.40e+06,2.22e+01,42800,-0.34,-6.5,-4.12,-10.62,151,172,255
O,3,II,125.8,1.21e+06,2.00e+01,43400,-0.34,-6.3,-4.16,-10.46,149,173,255
O,3,III,114.7,9.17e+05,1.75e+01,43400,-0.34,-6.0,-4.16,-10.16,150,171,255
O,3,IV,103.6,6.96e+05,1.52e+01,43400,-0.34,-5.7,-4.16,-9.86,148,170,255
O,3,V,92.5,6.34e+05,1.45e+01,43400,-0.34,-5.6,-4.16,-9.76,151,172,255
O,3,VI,23.0,4.81e+05,1.26e+01,43400,-0.34,-5.3,-4.16,-9.46,151,172,255
O,4,Ia0,158.7,1.32e+07,7.64e+01,40400,-0.33,-9.1,-3.95,-13.05,153,174,255
O,4,Ia,147.3,1.74e+06,2.77e+01,40400,-0.33,-6.9,-3.95,-10.85,153,174,255
O,4,Ib,135.8,1.20e+06,2.31e+01,40400,-0.33,-6.5,-3.95,-10.45,153,174,255
O,4,II,124.4,9.60e+05,1.98e+01,41200,-0.34,-6.2,-4.01,-10.21,151,175,255
O,4,III,112.9,7.28e+05,1.73e+01,41200,-0.34,-5.9,-4.01,-9.91,152,172,255
O,4,IV,101.5,5.52e+05,1.50e+01,41200,-0.34,-5.6,-4.01,-9.61,149,171,255
O,4,V,90.0,5.04e+05,1.44e+01,41200,-0.34,-5.5,-4.01,-9.51,153,174,255
O,4,VI,20.0,3.82e+05,1.25e+01,41200,-0.34,-5.2,-4.01,-9.21,153,174,255
O,5,Ia0,158.4,1.03e+07,7.62e+01,38000,-0.33,-9.0,-3.78,-12.78,155,176,255
O,5,Ia,142.0,1.48e+06,2.90e+01,38000,-0.33,-6.9,-3.78,-10.68,155,176,255
O,5,Ib,125.6,1.03e+06,2.41e+01,38000,-0.33,-6.5,-3.78,-10.28,155,176,255
O,5,II,109.2,7.59e+05,1.97e+01,39000,-0.33,-6.1,-3.85,-9.95,153,177,255
O,5,III,92.8,5.25e+05,1.64e+01,39000,-0.33,-5.7,-3.85,-9.55,154,174,255
O,5,IV,76.4,4.37e+05,1.49e+01,39000,-0.33,-5.5,-3.85,-9.35,150,172,255
O,5,V,60.0,3.98e+05,1.42e+01,39000,-0.33,-5.4,-3.85,-9.25,155,176,255
O,5,VI,17.5,3.02e+05,1.24e+01,39000,-0.33,-5.1,-3.85,-8.95,155,176,255
O,6,Ia0,136.7,7.81e+06,7.66e+01,35400,-0.32,-8.9,-3.58,-12.48,157,178,255
O,6,Ia,120.1,1.36e+06,3.19e+01,35400,-0.32,-7.0,-3.58,-10.58,157,178,255
O,6,Ib,103.5,7.81e+05,2.42e+01,35400,-0.32,-6.4,-3.58,-9.98,157,178,255
O,6,II,86.9,6.54e+05,2.05e+01,36800,-0.32,-6.1,-3.69,-9.79,155,179,255
O,6,III,70.2,3.76e+05,1.56e+01,36800,-0.32,-5.5,-3.69,-9.19,156,175,255
O,6,IV,53.6,3.13e+05,1.42e+01,36800,-0.32,-5.3,-3.69,-8.99,151,174,255
O,6,V,37.0,2.60e+05,1.29e+01,36800,-0.32,-5.1,-3.69,-8.79,162,184,255
O,6,VI,14.2,1.80e+05,1.08e+01,36800,-0.32,-4.7,-3.69,-8.39,162,184,255
O,7,Ia0,115.1,5.88e+06,7.74e+01,32800,-0.31,-8.8,-3.37,-12.17,160,181,255
O,7,Ia,100.9,1.12e+06,3.38e+01,32800,-0.31,-7.0,-3.37,-10.37,160,181,255
O,7,Ib,86.7,5.88e+05,2.45e+01,32800,-0.31,-6.3,-3.37,-9.67,160,181,255
O,7,II,72.5,5.10e+05,2.05e+01,34600,-0.32,-6.0,-3.52,-9.52,156,181,255
O,7,III,58.4,2.94e+05,1.55e+01,34600,-0.32,-5.4,-3.52,-8.92,158,177,255
O,7,IV,44.2,2.23e+05,1.35e+01,34600,-0.32,-5.1,-3.52,-8.62,152,175,255
O,7,V,30.0,1.54e+05,1.13e+01,34600,-0.32,-4.7,-3.52,-8.22,157,177,255
O,7,VI,10.9,1.07e+05,9.36e+00,34600,-0.32,-4.3,-3.52,-7.82,157,177,255
O,8,Ia0,93.4,4.37e+06,7.87e+01,30200,-0.30,-8.7,-3.15,-11.85,162,183,255
O,8,Ia,81.7,9.13e+05,3.60e+01,30200,-0.30,-7.0,-3.15,-10.15,162,183,255
O,8,Ib,69.9,4.37e+05,2.49e+01,30200,-0.30,-6.2,-3.15,-9.35,162,183,255
O,8,II,58.2,3.60e+05,1.96e+01,32400,-0.31,-5.8,-3.34,-9.14,158,183,255
O,8,III,46.5,2.07e+05,1.49e+01,32400,-0.31,-5.2,-3.34,-8.54,157,178,255
O,8,IV,34.7,1.57e+05,1.30e+01,32400,-0.31,-4.9,-3.34,-8.24,153,176,255
O,8,V,23.0,9.91e+04,1.03e+01,32400,-0.31,-4.4,-3.34,-7.74,157,177,255
O,8,VI,7.6,5.70e+04,7.81e+00,32400,-0.31,-3.8,-3.34,-7.14,157,177,255
O,9,Ia0,71.8,3.19e+06,8.05e+01,27600,-0.29,-8.6,-2.91,-11.51,164,185,255
O,9,Ia,63.1,7.31e+05,3.85e+01,27600,-0.29,-7.0,-2.91,-9.91,164,185,255
O,9,Ib,54.5,3.19e+05,2.55e+01,27600,-0.29,-6.1,-2.91,-9.01,164,185,255
O,9,II,45.9,2.76e+05,1.98e+01,30200,-0.30,-5.7,-3.15,-8.85,160,186,255
O,9,III,37.3,1.59e+05,1.50e+01,30200,-0.30,-5.1,-3.15,-8.25,158,177,255
O,9,IV,28.6,1.10e+05,1.25e+01,30200,-0.30,-4.7,-3.15,-7.85,155,177,255
O,9,V,20.0,5.76e+04,9.04e+00,30200,-0.30,-4.0,-3.15,-7.15,154,178,255
O,9,VI,6.7,3.31e+04,6.85e+00,30200,-0.30,-3.4,-3.15,-6.55,154,178,255
B,0,Ia0,50.1,2.28e+06,8.30e+01,25000,-0.27,-8.5,-2.65,-11.15,161,189,255
B,0,Ia,44.7,5.73e+05,4.16e+01,25000,-0.27,-7.0,-2.65,-9.65,161,189,255
B,0,Ib,39.2,2.28e+05,2.62e+01,25000,-0.27,-6.0,-2.65,-8.65,161,189,255
B,0,II,33.8,1.90e+05,1.91e+01,28000,-0.29,-5.5,-2.95,-8.45,162,188,255
B,0,III,28.4,1.09e+05,1.45e+01,28000,-0.29,-4.9,-2.95,-7.85,158,177,255
B,0,IV,22.9,7.57e+04,1.21e+01,28000,-0.29,-4.5,-2.95,-7.45,156,179,255
B,0,V,17.5,3.62e+04,8.34e+00,28000,-0.29,-3.7,-2.95,-6.65,156,178,255
B,0,VI,5.9,1.90e+04,6.04e+00,28000,-0.29,-3.0,-2.95,-5.95,156,178,255
B,1,Ia0,45.1,2.02e+06,8.62e+01,23790,-0.26,-8.5,-2.51,-11.01,168,193,255
B,1,Ia,40.0,5.07e+05,4.32e+01,23790,-0.26,-7.0,-2.51,-9.51,168,193,255
B,1,Ib,34.8,1.84e+05,2.60e+01,23790,-0.26,-5.9,-2.51,-8.41,168,193,255
B,1,II,29.7,1.34e+05,1.83e+01,26190,-0.28,-5.3,-2.77,-8.07,163,190,255
B,1,III,24.5,5.34e+04,1.16e+01,26190,-0.28,-4.3,-2.77,-7.07,158,177,255
B,1,IV,19.4,3.70e+04,9.63e+00,26190,-0.28,-3.9,-2.77,-6.67,157,180,255
B,1,V,14.2,1.94e+04,6.97e+00,26190,-0.28,-3.2,-2.77,-5.97,160,182,255
B,1,VI,5.2,1.02e+04,5.05e+00,26190,-0.28,-2.5,-2.77,-5.27,160,182,255
B,2,Ia0,40.1,1.62e+06,8.57e+01,22580,-0.25,-8.4,-2.37,-10.77,177,196,255
B,2,Ia,35.2,4.46e+05,4.50e+01,22580,-0.25,-7.0,-2.37,-9.37,177,196,255
B,2,Ib,30.4,1.62e+05,2.71e+01,22580,-0.25,-5.9,-2.37,-8.27,177,196,255
B,2,II,25.5,9.36e+04,1.77e+01,24380,-0.27,-5.1,-2.58,-7.68,165,192,255
B,2,III,20.6,2.83e+04,9.71e+00,24380,-0.27,-3.8,-2.58,-6.38,159,180,255
B,2,IV,15.8,1.96e+04,8.08e+00,24380,-0.27,-3.4,-2.58,-5.98,159,179,255
B,2,V,10.9,9.36e+03,5.59e+00,24380,-0.27,-2.6,-2.58,-5.18,160,180,255
B,2,VI,4.5,5.39e+03,4.24e+00,24380,-0.27,-2.0,-2.58,-4.58,160,180,255
B,3,Ia0,35.1,1.42e+06,8.95e+01,21370,-0.24,-8.4,-2.23,-10.63,175,194,255
B,3,Ia,30.5,4.28e+05,4.92e+01,21370,-0.24,-7.1,-2.23,-9.33,175,194,255
B,3,Ib,25.9,1.29e+05,2.70e+01,21370,-0.24,-5.8,-2.23,-8.03,175,194,255
B,3,II,21.4,6.45e+04,1.71e+01,22570,-0.25,-4.9,-2.37,-7.27,168,193,255
B,3,III,16.8,1.35e+04,7.82e+00,22570,-0.25,-3.2,-2.37,-5.57,163,187,255
B,3,IV,12.2,9.32e+03,6.51e+00,22570,-0.25,-2.8,-2.37,-5.17,166,188,255
B,3,V,7.6,4.89e+03,4.71e+00,22570,-0.25,-2.1,-2.37,-4.47,165,185,255
B,3,VI,3.8,2.57e+03,3.41e+00,22570,-0.25,-1.4,-2.37,-3.77,165,185,255
B,4,Ia0,30.1,1.23e+06,9.37e+01,20160,-0.23,-8.4,-2.07,-10.47,187,203,255
B,4,Ia,26.2,3.38e+05,4.92e+01,20160,-0.23,-7.0,-2.07,-9.07,187,203,255
B,4,Ib,22.3,1.12e+05,2.83e+01,20160,-0.23,-5.8,-2.07,-7.87,187,203,255
B,4,II,18.4,4.37e+04,1.67e+01,20760,-0.24,-4.7,-2.15,-6.85,172,194,255
B,4,III,14.5,6.93e+03,6.63e+00,20760,-0.24,-2.7,-2.15,-4.85,166,188,255
B,4,IV,10.6,4.79e+03,5.52e+00,20760,-0.24,-2.3,-2.15,-4.45,169,190,255
B,4,V,6.7,2.29e+03,3.82e+00,20760,-0.24,-1.5,-2.15,-3.65,164,184,255
B,4,VI,3.4,1.32e+03,2.89e+00,20760,-0.24,-0.9,-2.15,-3.05,164,184,255
B,5,Ia0,25.1,9.65e+05,9.39e+01,18950,-0.22,-8.3,-1.91,-10.21,179,202,255
B,5,Ia,21.9,2.91e+05,5.16e+01,18950,-0.22,-7.0,-1.91,-8.91,179,202,255
B,5,Ib,18.7,8.80e+04,2.84e+01,18950,-0.22,-5.7,-1.91,-7.61,179,202,255
B,5,II,15.5,2.91e+04,1.63e+01,18950,-0.22,-4.5,-1.91,-6.41,175,195,255
B,5,III,12.3,3.19e+03,5.40e+00,18950,-0.22,-2.1,-1.91,-4.01,168,189,255
B,5,IV,9.1,2.21e+03,4.50e+00,18950,-0.22,-1.7,-1.91,-3.61,172,192,255
B,5,V,5.9,1.16e+03,3.26e+00,18950,-0.22,-1.0,-1.91,-2.91,170,191,255
B,5,VI,2.9,6.67e+02,2.47e+00,18950,-0.22,-0.4,-1.91,-2.31,170,191,255
B,6,Ia0,23.2,7.58e+05,1.02e+02,17140,-0.20,-8.3,-1.65,-9.95,191,207,255
B,6,Ia,20.2,2.29e+05,5.59e+01,17140,-0.20,-7.0,-1.65,-8.65,191,207,255
B,6,Ib,17.2,6.31e+04,2.94e+01,17140,-0.20,-5.6,-1.65,-7.25,191,207,255
B,6,II,14.2,1.74e+04,1.54e+01,17140,-0.20,-4.2,-1.65,-5.85,177,196,255
B,6,III,11.2,1.74e+03,4.87e+00,17140,-0.20,-1.7,-1.65,-3.35,170,190,255
B,6,IV,8.2,1.20e+03,4.05e+00,17140,-0.20,-1.3,-1.65,-2.95,175,194,255
B,6,V,5.2,6.92e+02,3.07e+00,17140,-0.20,-0.7,-1.65,-2.35,172,189,255
B,6,VI,2.7,3.63e+02,2.23e+00,17140,-0.20,0.0,-1.65,-1.65,172,189,255
B,7,Ia0,21.4,5.33e+05,1.07e+02,15330,-0.18,-8.2,-1.37,-9.57,195,209,255
B,7,Ia,18.6,1.93e+05,6.43e+01,15330,-0.18,-7.1,-1.37,-8.47,195,209,255
B,7,Ib,15.8,4.43e+04,3.08e+01,15330,-0.18,-5.5,-1.37,-6.87,195,209,255
B,7,II,12.9,1.11e+04,1.54e+01,15330,-0.18,-4.0,-1.37,-5.37,179,198,255
B,7,III,10.1,1.01e+03,4.66e+00,15330,-0.18,-1.4,-1.37,-2.77,171,191,255
B,7,IV,7.3,6.40e+02,3.70e+00,15330,-0.18,-0.9,-1.37,-2.27,170,189,255
B,7,V,4.5,4.04e+02,2.94e+00,15330,-0.18,-0.4,-1.37,-1.77,173,191,255
B,7,VI,2.5,1.93e+02,2.03e+00,15330,-0.18,0.4,-1.37,-0.97,173,191,255
B,8,Ia0,19.5,3.67e+05,1.14e+02,13520,-0.15,-8.1,-1.06,-9.16,182,206,255
B,8,Ia,16.9,1.60e+05,7.52e+01,13520,-0.15,-7.2,-1.06,-8.26,182,206,255
B,8,Ib,14.3,3.34e+04,3.44e+01,13520,-0.15,-5.5,-1.06,-6.56,182,206,255
B,8,II,11.7,6.99e+03,1.57e+01,13520,-0.15,-3.8,-1.06,-4.86,181,199,255
B,8,III,9.0,5.30e+02,4.33e+00,13520,-0.15,-1.0,-1.06,-2.06,175,193,255
B,8,IV,6.4,3.34e+02,3.44e+00,13520,-0.15,-0.5,-1.06,-1.56,175,193,255
B,8,V,3.8,2.11e+02,2.73e+00,13520,-0.15,0.0,-1.06,-1.06,177,195,255
B,8,VI,2.4,1.01e+02,1.89e+00,13520,-0.15,0.8,-1.06,-0.26,177,195,255
B,9,Ia0,17.7,2.73e+05,1.31e+02,11710,-0.11,-8.1,-0.74,-8.84,204,216,255
B,9,Ia,15.3,1.31e+05,9.05e+01,11710,-0.11,-7.3,-0.74,-8.04,204,216,255
B,9,Ib,12.9,2.27e+04,3.77e+01,11710,-0.11,-5.4,-0.74,-6.14,204,216,255
B,9,II,10.5,4.32e+03,1.65e+01,11710,-0.11,-3.6,-0.74,-4.34,182,201,255
B,9,III,8.1,2.99e+02,4.33e+00,11710,-0.11,-0.7,-0.74,-1.44,178,195,255
B,9,IV,5.7,1.72e+02,3.29e+00,11710,-0.11,-0.1,-0.74,-0.84,180,197,255
B,9,V,3.4,1.19e+02,2.73e+00,11710,-0.11,0.3,-0.74,-0.44,181,198,255
B,9,VI,2.1,5.20e+01,1.81e+00,11710,-0.11,1.2,-0.74,0.46,181,198,255
A,0,Ia0,15.8,1.86e+05,1.51e+02,9900,-0.06,-8.0,-0.42,-8.42,187,206,255
A,0,Ia,13.7,1.07e+05,1.14e+02,9900,-0.06,-7.4,-0.42,-7.82,187,206,255
A,0,Ib,11.5,1.54e+04,4.35e+01,9900,-0.06,-5.3,-0.42,-5.72,187,206,255
A,0,II,9.4,2.68e+03,1.81e+01,9900,-0.06,-3.4,-0.42,-3.82,184,202,255
A,0,III,7.2,1.54e+02,4.35e+00,9900,-0.06,-0.3,-0.42,-0.72,188,205,255
A,0,IV,5.1,8.88e+01,3.30e+00,9900,-0.06,0.3,-0.42,-0.12,179,197,255
A,0,V,2.9,6.74e+01,2.88e+00,9900,-0.06,0.6,-0.42,0.18,185,201,255
A,0,VI,1.9,2.68e+01,1.81e+00,9900,-0.06,1.6,-0.42,1.18,185,201,255
A,1,Ia0,15.2,1.98e+05,1.62e+02,9707,-0.06,-8.1,-0.39,-8.49,214,223,255
A,1,Ia,13.1,1.14e+05,1.23e+02,9707,-0.06,-7.5,-0.39,-7.89,214,223,255
A,1,Ib,11.0,1.50e+04,4.46e+01,9707,-0.06,-5.3,-0.39,-5.69,214,223,255
A,1,II,8.9,2.35e+03,1.79e+01,9650,-0.06,-3.3,-0.38,-3.68,186,204,255
A,1,III,6.9,1.24e+02,4.10e+00,9650,-0.06,-0.1,-0.38,-0.48,188,204,255
A,1,IV,4.8,7.11e+01,3.11e+00,9650,-0.06,0.5,-0.38,0.12,183,200,255
A,1,V,2.7,4.92e+01,2.59e+00,9650,-0.06,0.9,-0.38,0.52,181,199,255
A,1,VI,1.8,1.96e+01,1.63e+00,9650,-0.06,1.9,-0.38,1.52,181,199,255
A,2,Ia0,14.5,2.10e+05,1.74e+02,9513,-0.05,-8.2,-0.36,-8.56,199,214,255
A,2,Ia,12.5,1.21e+05,1.32e+02,9513,-0.05,-7.6,-0.36,-7.96,199,214,255
A,2,Ib,10.5,1.33e+04,4.37e+01,9513,-0.05,-5.2,-0.36,-5.56,199,214,255
A,2,II,8.5,2.07e+03,1.77e+01,9400,-0.05,-3.2,-0.34,-3.54,188,205,255
A,2,III,6.5,9.90e+01,3.87e+00,9400,-0.05,0.1,-0.34,-0.24,189,204,255
A,2,IV,4.5,5.70e+01,2.93e+00,9400,-0.05,0.7,-0.34,0.36,186,202,255
A,2,V,2.5,3.94e+01,2.44e+00,9400,-0.05,1.1,-0.34,0.76,187,203,255
A,2,VI,1.8,1.57e+01,1.54e+00,9400,-0.05,2.1,-0.34,1.76,187,203,255
A,3,Ia0,13.9,2.24e+05,1.87e+02,9320,-0.05,-8.3,-0.33,-8.63,207,219,255
A,3,Ia,12.0,1.29e+05,1.42e+02,9320,-0.05,-7.7,-0.33,-8.03,207,219,255
A,3,Ib,10.0,1.29e+04,4.49e+01,9320,-0.05,-5.2,-0.33,-5.53,207,219,255
A,3,II,8.1,1.66e+03,1.67e+01,9150,-0.04,-3.0,-0.30,-3.30,190,207,255
A,3,III,6.2,8.71e+01,3.83e+00,9150,-0.04,0.2,-0.30,-0.10,189,203,255
A,3,IV,4.3,4.17e+01,2.65e+00,9150,-0.04,1.0,-0.30,0.70,190,205,255
A,3,V,2.4,2.89e+01,2.20e+00,9150,-0.04,1.4,-0.30,1.10,191,207,255
A,3,VI,1.8,1.15e+01,1.39e+00,9150,-0.04,2.4,-0.30,2.10,191,207,255
A,4,Ia0,13.2,2.39e+05,2.02e+02,9127,-0.04,-8.4,-0.30,-8.70,215,224,255
A,4,Ia,11.4,1.38e+05,1.53e+02,9127,-0.04,-7.8,-0.30,-8.10,215,224,255
A,4,Ib,9.5,1.14e+04,4.41e+01,9127,-0.04,-5.1,-0.30,-5.40,215,224,255
A,4,II,7.7,1.46e+03,1.66e+01,8900,0.00,-2.9,-0.26,-3.16,192,208,255
A,4,III,5.8,7.00e+01,3.63e+00,8900,0.00,0.4,-0.26,0.14,196,209,255
A,4,IV,4.0,3.35e+01,2.51e+00,8900,0.00,1.2,-0.26,0.94,195,210,255
A,4,V,2.1,2.32e+01,2.09e+00,8900,0.00,1.6,-0.26,1.34,197,211,255
A,4,VI,1.7,9.23e+00,1.32e+00,8900,0.00,2.6,-0.26,2.34,197,211,255
A,5,Ia0,12.6,2.55e+05,2.17e+02,8933,-0.00,-8.5,-0.27,-8.77,223,229,255
A,5,Ia,10.8,1.61e+05,1.73e+02,8933,-0.00,-8.0,-0.27,-8.27,223,229,255
A,5,Ib,9.0,1.11e+04,4.54e+01,8933,-0.00,-5.1,-0.27,-5.37,223,229,255
A,5,II,7.2,1.29e+03,1.65e+01,8650,0.05,-2.8,-0.23,-3.03,194,210,255
A,5,III,5.4,5.64e+01,3.45e+00,8650,0.05,0.6,-0.23,0.37,202,215,255
A,5,IV,3.7,2.70e+01,2.38e+00,8650,0.05,1.4,-0.23,1.17,212,220,255
A,5,V,1.9,1.70e+01,1.89e+00,8650,0.05,1.9,-0.23,1.67,202,215,255
A,5,VI,1.6,6.78e+00,1.20e+00,8650,0.05,2.9,-0.23,2.67,202,215,255
A,6,Ia0,12.6,2.49e+05,2.24e+02,8740,0.03,-8.5,-0.24,-8.74,219,226,255
A,6,Ia,10.8,1.89e+05,1.95e+02,8740,0.03,-8.2,-0.24,-8.44,219,226,255
A,6,Ib,9.0,1.09e+04,4.69e+01,8740,0.03,-5.1,-0.24,-5.34,219,226,255
A,6,II,7.2,1.14e+03,1.65e+01,8400,0.09,-2.7,-0.20,-2.90,196,211,255
A,6,III,5.4,4.55e+01,3.28e+00,8400,0.09,0.8,-0.20,0.60,209,219,255
A,6,IV,3.6,2.18e+01,2.27e+00,8400,0.09,1.6,-0.20,1.40,202,214,255
A,6,V,1.8,1.51e+01,1.89e+00,8400,0.09,2.0,-0.20,1.80,199,212,255
A,6,VI,1.6,5.47e+00,1.14e+00,8400,0.09,3.1,-0.20,2.90,199,212,255
A,7,Ia0,12.6,2.67e+05,2.43e+02,8547,0.07,-8.6,-0.21,-8.81,215,223,255
A,7,Ia,10.8,2.22e+05,2.21e+02,8547,0.07,-8.4,-0.21,-8.61,215,223,255
A,7,Ib,9.0,1.06e+04,4.84e+01,8547,0.07,-5.1,-0.21,-5.31,215,223,255
A,7,II,7.2,1.11e+03,1.72e+01,8150,0.14,-2.7,-0.17,-2.87,197,213,255
A,7,III,5.4,3.68e+01,3.14e+00,8150,0.14,1.0,-0.17,0.83,210,219,255
A,7,IV,3.6,1.93e+01,2.27e+00,8150,0.14,1.7,-0.17,1.53,192,207,255
A,7,V,1.8,1.22e+01,1.81e+00,8150,0.14,2.2,-0.17,2.03,200,213,255
A,7,VI,1.5,4.43e+00,1.09e+00,8150,0.14,3.3,-0.17,3.13,200,213,255
A,8,Ia0,12.6,2.60e+05,2.51e+02,8353,0.10,-8.6,-0.19,-8.79,210,221,255
A,8,Ia,10.8,2.38e+05,2.40e+02,8353,0.10,-8.5,-0.19,-8.69,210,221,255
A,8,Ib,9.0,1.04e+04,5.01e+01,8353,0.10,-5.1,-0.19,-5.29,210,221,255
A,8,II,7.2,9.90e+02,1.73e+01,7900,0.19,-2.6,-0.14,-2.74,199,214,255
A,8,III,5.4,3.28e+01,3.15e+00,7900,0.19,1.1,-0.14,0.96,209,219,255
A,8,IV,3.6,1.57e+01,2.18e+00,7900,0.19,1.9,-0.14,1.76,208,217,255
A,8,V,1.8,1.09e+01,1.81e+00,7900,0.19,2.3,-0.14,2.16,213,222,255
A,8,VI,1.5,3.59e+00,1.04e+00,7900,0.19,3.5,-0.14,3.36,213,222,255
A,9,Ia0,12.6,2.80e+05,2.73e+02,8160,0.14,-8.7,-0.17,-8.87,206,218,255
A,9,Ia,10.8,2.33e+05,2.49e+02,8160,0.14,-8.5,-0.17,-8.67,206,218,255
A,9,Ib,9.0,1.02e+04,5.20e+01,8160,0.14,-5.1,-0.17,-5.27,206,218,255
A,9,II,7.1,9.70e+02,1.83e+01,7650,0.24,-2.6,-0.12,-2.72,201,216,255
A,9,III,5.3,2.67e+01,3.03e+00,7650,0.24,1.3,-0.12,1.18,209,219,255
A,9,IV,3.5,1.40e+01,2.20e+00,7650,0.24,2.0,-0.12,1.88,224,227,255
A,9,V,1.7,8.85e+00,1.75e+00,7650,0.24,2.5,-0.12,2.38,219,224,255
A,9,VI,1.4,2.93e+00,1.00e+00,7650,0.24,3.7,-0.12,3.58,219,224,255
F,0,Ia0,12.6,2.74e+05,2.83e+02,7967,0.18,-8.7,-0.15,-8.85,202,215,255
F,0,Ia,10.8,2.28e+05,2.58e+02,7967,0.18,-8.5,-0.15,-8.65,202,215,255
F,0,Ib,8.9,9.96e+03,5.40e+01,7967,0.18,-5.1,-0.15,-5.25,202,215,255
F,0,II,7.1,8.70e+02,1.85e+01,7400,0.30,-2.5,-0.10,-2.60,203,217,255
F,0,III,5.3,2.19e+01,2.93e+00,7400,0.30,1.5,-0.10,1.40,213,222,255
F,0,IV,3.4,1.15e+01,2.12e+00,7400,0.30,2.2,-0.10,2.10,218,224,255
F,0,V,1.6,7.94e+00,1.77e+00,7400,0.30,2.6,-0.10,2.50,224,229,255
F,0,VI,1.4,2.40e+00,9.71e-01,7400,0.30,3.9,-0.10,3.80,224,229,255
F,1,Ia0,12.1,2.96e+05,3.09e+02,7773,0.22,-8.8,-0.13,-8.93,223,229,255
F,1,Ia,10.3,2.24e+05,2.69e+02,7773,0.22,-8.5,-0.13,-8.63,223,229,255
F,1,Ib,8.6,9.79e+03,5.62e+01,7773,0.22,-5.1,-0.13,-5.23,223,229,255
F,1,II,6.8,8.65e+02,1.92e+01,7260,0.33,-2.5,-0.09,-2.59,216,225,255
F,1,III,5.1,2.17e+01,3.04e+00,7260,0.33,1.5,-0.09,1.41,227,232,255
F,1,IV,3.3,1.25e+01,2.30e+00,7260,0.33,2.1,-0.09,2.01,223,227,255
F,1,V,1.6,6.56e+00,1.67e+00,7260,0.33,2.8,-0.09,2.71,230,234,255
F,1,VI,1.3,1.98e+00,9.17e-01,7260,0.33,4.1,-0.09,4.01,230,234,255
F,2,Ia0,11.6,2.91e+05,3.23e+02,7580,0.26,-8.8,-0.11,-8.91,244,243,255
F,2,Ia,9.9,2.02e+05,2.68e+02,7580,0.26,-8.4,-0.11,-8.51,244,243,255
F,2,Ib,8.2,8.80e+03,5.61e+01,7580,0.26,-5.0,-0.11,-5.11,244,243,255
F,2,II,6.5,8.60e+02,1.99e+01,7120,0.36,-2.5,-0.09,-2.59,229,233,255
F,2,III,4.9,1.97e+01,3.01e+00,7120,0.36,1.6,-0.09,1.51,241,241,255
F,2,IV,3.2,1.49e+01,2.62e+00,7120,0.36,1.9,-0.09,1.81,227,230,255
F,2,V,1.5,5.95e+00,1.65e+00,7120,0.36,2.9,-0.09,2.81,236,239,255
F,2,VI,1.3,1.64e+00,8.67e-01,7120,0.36,4.3,-0.09,4.21,236,239,255
F,3,Ia0,11.0,3.16e+05,3.54e+02,7387,0.30,-8.9,-0.10,-9.00,236,237,255
F,3,Ia,9.4,1.99e+05,2.81e+02,7387,0.30,-8.4,-0.10,-8.50,236,237,255
F,3,Ib,7.9,8.70e+03,5.87e+01,7387,0.30,-5.0,-0.10,-5.10,236,237,255
F,3,II,6.3,7.82e+02,1.97e+01,6980,0.39,-2.4,-0.08,-2.48,235,237,255
F,3,III,4.7,1.96e+01,3.12e+00,6980,0.39,1.6,-0.08,1.52,241,241,255
F,3,IV,3.1,1.63e+01,2.85e+00,6980,0.39,1.8,-0.08,1.72,227,230,255
F,3,V,1.5,4.94e+00,1.57e+00,6980,0.39,3.1,-0.08,3.02,230,233,255
F,3,VI,1.2,1.49e+00,8.60e-01,6980,0.39,4.4,-0.08,4.32,230,233,255
F,4,Ia0,10.5,3.43e+05,3.89e+02,7193,0.34,-9.0,-0.09,-9.09,227,231,255
F,4,Ia,9.0,1.80e+05,2.82e+02,7193,0.34,-8.3,-0.09,-8.39,227,231,255
F,4,Ib,7.5,7.86e+03,5.89e+01,7193,0.34,-4.9,-0.09,-4.99,227,231,255
F,4,II,6.0,7.81e+02,2.05e+01,6840,0.42,-2.4,-0.08,-2.48,241,241,255
F,4,III,4.5,1.96e+01,3.25e+00,6840,0.42,1.6,-0.08,1.52,241,240,255
F,4,IV,3.0,1.96e+01,3.25e+00,6840,0.42,1.6,-0.08,1.52,234,235,255
F,4,V,1.4,4.50e+00,1.56e+00,6840,0.42,3.2,-0.08,3.12,224,226,255
F,4,VI,1.1,1.24e+00,8.17e-01,6840,0.42,4.6,-0.08,4.52,224,226,255
F,5,Ia0,10.0,3.74e+05,4.29e+02,7000,0.39,-9.1,-0.08,-9.18,219,225,255
F,5,Ia,8.6,1.63e+05,2.83e+02,7000,0.39,-8.2,-0.08,-8.28,219,225,255
F,5,Ib,7.1,7.82e+03,6.20e+01,7000,0.39,-4.9,-0.08,-4.98,219,225,255
F,5,II,5.7,7.83e+02,2.14e+01,6700,0.46,-2.4,-0.08,-2.48,247,242,255
F,5,III,4.3,2.16e+01,3.55e+00,6700,0.46,1.5,-0.08,1.42,242,240,255
F,5,IV,2.8,2.16e+01,3.55e+00,6700,0.46,1.5,-0.08,1.42,241,239,255
F,5,V,1.4,3.75e+00,1.48e+00,6700,0.46,3.4,-0.08,3.32,248,247,255
F,5,VI,1.1,1.03e+00,7.77e-01,6700,0.46,4.8,-0.08,4.72,248,247,255
F,6,Ia0,10.0,3.74e+05,4.60e+02,6760,0.44,-9.1,-0.08,-9.18,255,234,252
F,6,Ia,8.6,1.49e+05,2.90e+02,6760,0.44,-8.1,-0.08,-8.18,255,234,252
F,6,Ib,7.1,7.82e+03,6.64e+01,6760,0.44,-4.9,-0.08,-4.98,255,234,252
F,6,II,5.7,7.86e+02,2.24e+01,6560,0.49,-2.4,-0.09,-2.49,253,249,255
F,6,III,4.2,2.37e+01,3.89e+00,6560,0.49,1.4,-0.09,1.31,241,240,255
F,6,IV,2.8,1.64e+01,3.23e+00,6560,0.49,1.8,-0.09,1.71,241,239,255
F,6,V,1.3,3.13e+00,1.41e+00,6560,0.49,3.6,-0.09,3.51,244,241,255
F,6,VI,1.0,8.62e-01,7.41e-01,6560,0.49,5.0,-0.09,4.91,244,241,255
F,7,Ia0,10.0,4.13e+05,5.19e+02,6520,0.50,-9.2,-0.09,-9.29,255,243,250
F,7,Ia,8.5,1.37e+05,2.99e+02,6520,0.50,-8.0,-0.09,-8.09,255,243,250
F,7,Ib,7.1,7.18e+03,6.84e+01,6520,0.50,-4.8,-0.09,-4.89,255,243,250
F,7,II,5.6,7.91e+02,2.34e+01,6420,0.52,-2.4,-0.10,-2.50,255,250,251
F,7,III,4.2,2.62e+01,4.26e+00,6420,0.52,1.3,-0.10,1.20,241,240,255
F,7,IV,2.7,1.25e+01,2.95e+00,6420,0.52,2.1,-0.10,2.00,240,239,255
F,7,V,1.3,2.62e+00,1.35e+00,6420,0.52,3.8,-0.10,3.70,246,243,255
F,7,VI,1.0,7.91e-01,7.41e-01,6420,0.52,5.1,-0.10,5.00,246,243,255
F,8,Ia0,10.0,4.19e+05,5.64e+02,6280,0.56,-9.2,-0.11,-9.31,255,252,247
F,8,Ia,8.5,1.27e+05,3.10e+02,6280,0.56,-7.9,-0.11,-8.01,255,252,247
F,8,Ib,7.1,7.29e+03,7.43e+01,6280,0.56,-4.8,-0.11,-4.91,255,252,247
F,8,II,5.6,7.29e+02,2.35e+01,6280,0.56,-2.3,-0.11,-2.41,255,248,245
F,8,III,4.1,2.90e+01,4.69e+00,6280,0.56,1.2,-0.11,1.09,252,248,255
F,8,IV,2.7,1.05e+01,2.83e+00,6280,0.56,2.3,-0.11,2.19,255,252,253
F,8,V,1.2,2.41e+00,1.35e+00,6280,0.56,3.9,-0.11,3.79,255,247,252
F,8,VI,1.0,6.65e-01,7.10e-01,6280,0.56,5.3,-0.11,5.19,255,247,252
F,9,Ia0,10.0,4.73e+05,6.54e+02,6011,0.63,-9.3,-0.14,-9.44,255,246,233
F,9,Ia,8.5,1.30e+05,3.43e+02,6011,0.63,-7.9,-0.14,-8.04,255,246,233
F,9,Ib,7.0,6.84e+03,7.86e+01,6011,0.63,-4.7,-0.14,-4.84,255,246,233
F,9,II,5.6,7.39e+02,2.48e+01,6140,0.60,-2.3,-0.12,-2.42,255,246,239
F,9,III,4.1,3.22e+01,5.17e+00,6140,0.60,1.1,-0.12,0.98,255,246,245
F,9,IV,2.6,8.10e+00,2.59e+00,6140,0.60,2.6,-0.12,2.48,255,250,249
F,9,V,1.1,2.03e+00,1.30e+00,6140,0.60,4.1,-0.12,3.98,255,247,252
F,9,VI,0.9,6.14e-01,7.14e-01,6140,0.60,5.4,-0.12,5.28,255,247,252
G,0,Ia0,10.0,4.95e+05,7.32e+02,5743,0.70,-9.3,-0.19,-9.49,255,239,219
G,0,Ia,6.3,1.24e+05,3.67e+02,5743,0.70,-7.8,-0.19,-7.99,255,239,219
G,0,Ib,2.5,7.15e+03,8.81e+01,5743,0.70,-4.7,-0.19,-4.89,255,239,219
G,0,II,2.1,7.84e+02,2.92e+01,5743,0.70,-2.3,-0.19,-2.49,255,244,233
G,0,III,1.8,3.75e+01,6.38e+00,5743,0.70,1.0,-0.19,0.81,255,242,233
G,0,IV,1.4,6.25e+00,2.38e+00,6000,0.63,2.9,-0.14,2.76,255,248,245
G,0,V,1.1,1.72e+00,1.25e+00,6000,0.63,4.3,-0.14,4.16,255,248,252
G,0,VI,0.9,5.20e-01,6.88e-01,6000,0.63,5.6,-0.14,5.46,255,248,252
G,1,Ia0,10.5,5.27e+05,8.32e+02,5474,0.78,-9.3,-0.25,-9.55,255,238,212
G,1,Ia,6.6,1.32e+05,4.17e+02,5474,0.78,-7.8,-0.25,-8.05,255,238,212
G,1,Ib,2.6,7.62e+03,1.00e+02,5474,0.78,-4.7,-0.25,-4.95,255,238,212
G,1,II,2.2,8.35e+02,3.31e+01,5474,0.78,-2.3,-0.25,-2.55,255,243,227
G,1,III,1.8,4.38e+01,7.59e+00,5474,0.78,0.9,-0.25,0.65,255,243,233
G,1,IV,1.4,6.35e+00,2.50e+00,5890,0.66,2.9,-0.16,2.74,255,246,244
G,1,V,1.0,1.46e+00,1.19e+00,5890,0.66,4.5,-0.16,4.34,255,247,248
G,1,VI,0.9,4.40e-01,6.56e-01,5890,0.66,5.8,-0.16,5.64,255,247,248
G,2,Ia0,11.0,5.73e+05,9.59e+02,5206,0.86,-9.3,-0.35,-9.65,255,236,205
G,2,Ia,6.9,1.31e+05,4.59e+02,5206,0.86,-7.7,-0.35,-8.05,255,236,205
G,2,Ib,2.8,8.29e+03,1.15e+02,5206,0.86,-4.7,-0.35,-5.05,255,236,205
G,2,II,2.3,9.09e+02,3.82e+01,5206,0.86,-2.3,-0.35,-2.65,255,241,221
G,2,III,1.9,5.23e+01,9.16e+00,5206,0.86,0.8,-0.35,0.45,255,243,233
G,2,IV,1.4,6.48e+00,2.62e+00,5780,0.69,2.9,-0.18,2.72,255,244,242
G,2,V,1.0,1.23e+00,1.14e+00,5780,0.69,4.7,-0.18,4.52,255,245,242
G,2,VI,0.9,3.73e-01,6.28e-01,5780,0.69,6.0,-0.18,5.82,255,245,242
G,3,Ia0,11.5,7.03e+05,1.18e+03,4937,0.94,-9.4,-0.47,-9.87,255,231,203
G,3,Ia,7.2,1.47e+05,5.40e+02,4937,0.94,-7.7,-0.47,-8.17,255,231,203
G,3,Ib,2.9,8.46e+03,1.30e+02,4937,0.94,-4.6,-0.47,-5.07,255,231,203
G,3,II,2.4,1.11e+03,4.70e+01,4937,0.94,-2.4,-0.47,-2.87,255,239,215
G,3,III,1.9,7.03e+01,1.18e+01,4937,0.94,0.6,-0.47,0.13,255,243,233
G,3,IV,1.5,6.04e+00,2.63e+00,5670,0.72,3.0,-0.20,2.80,255,238,226
G,3,V,1.0,1.15e+00,1.15e+00,5670,0.72,4.8,-0.20,4.60,255,243,236
G,3,VI,0.8,3.48e-01,6.30e-01,5670,0.72,6.1,-0.20,5.90,255,243,236
G,4,Ia0,12.0,8.13e+05,1.42e+03,4669,1.03,-9.4,-0.62,-10.02,255,231,193
G,4,Ia,7.5,1.70e+05,6.49e+02,4669,1.03,-7.7,-0.62,-8.32,255,231,193
G,4,Ib,3.0,9.77e+03,1.56e+02,4669,1.03,-4.6,-0.62,-5.22,255,231,193
G,4,II,2.5,1.29e+03,5.65e+01,4669,1.03,-2.4,-0.62,-3.02,255,237,209
G,4,III,2.0,8.91e+01,1.49e+01,4669,1.03,0.5,-0.62,-0.12,255,243,233
G,4,IV,1.5,6.20e+00,2.76e+00,5560,0.75,3.0,-0.23,2.77,255,245,238
G,4,V,0.9,9.82e-01,1.10e+00,5560,0.75,5.0,-0.23,4.77,255,241,229
G,4,VI,0.8,2.97e-01,6.05e-01,5560,0.75,6.3,-0.23,6.07,255,241,229
G,5,Ia0,12.5,1.07e+06,1.84e+03,4400,1.13,-9.5,-0.83,-10.33,255,230,183
G,5,Ia,7.8,1.86e+05,7.66e+02,4400,1.13,-7.6,-0.83,-8.43,255,230,183
G,5,Ib,3.2,1.18e+04,1.92e+02,4400,1.13,-4.6,-0.83,-5.43,255,230,183
G,5,II,2.6,1.55e+03,6.99e+01,4400,1.13,-2.4,-0.83,-3.23,255,235,203
G,5,III,2.0,1.18e+02,1.92e+01,4400,1.13,0.4,-0.83,-0.43,255,236,211
G,5,IV,1.5,6.38e+00,2.92e+00,5450,0.79,3.0,-0.26,2.74,255,235,213
G,5,V,0.9,8.41e-01,1.06e+00,5450,0.79,5.2,-0.26,4.94,255,244,234
G,5,VI,0.8,2.54e-01,5.83e-01,5450,0.79,6.5,-0.26,6.24,255,244,234
G,6,Ia0,12.5,1.12e+06,1.93e+03,4343,1.15,-9.5,-0.88,-10.38,255,227,178
G,6,Ia,7.9,1.95e+05,8.04e+02,4343,1.15,-7.6,-0.88,-8.48,255,227,178
G,6,Ib,3.3,1.23e+04,2.02e+02,4343,1.15,-4.6,-0.88,-5.48,255,227,178
G,6,II,2.7,1.62e+03,7.33e+01,4343,1.15,-2.4,-0.88,-3.28,255,233,198
G,6,III,2.1,1.23e+02,2.02e+01,4343,1.15,0.4,-0.88,-0.48,255,236,215
G,6,IV,1.5,6.59e+00,3.09e+00,5340,0.82,3.0,-0.30,2.70,255,242,234
G,6,V,0.9,7.92e-01,1.07e+00,5340,0.82,5.3,-0.30,5.00,255,244,235
G,6,VI,0.8,2.18e-01,5.62e-01,5340,0.82,6.7,-0.30,6.40,255,244,235
G,7,Ia0,12.5,1.18e+06,2.03e+03,4286,1.17,-9.5,-0.93,-10.43,255,223,172
G,7,Ia,8.0,2.05e+05,8.46e+02,4286,1.17,-7.6,-0.93,-8.53,255,223,172
G,7,Ib,3.5,1.29e+04,2.12e+02,4286,1.17,-4.6,-0.93,-5.53,255,223,172
G,7,II,2.8,1.70e+03,7.71e+01,4286,1.17,-2.4,-0.93,-3.33,255,231,194
G,7,III,2.2,1.29e+02,2.12e+01,4286,1.17,0.4,-0.93,-0.53,255,234,207
G,7,IV,1.5,6.84e+00,3.28e+00,5230,0.85,3.0,-0.34,2.66,255,231,205
G,7,V,0.9,6.84e-01,1.04e+00,5230,0.85,5.5,-0.34,5.16,255,244,235
G,7,VI,0.7,2.06e-01,5.70e-01,5230,0.85,6.8,-0.34,6.46,255,244,235
G,8,Ia0,12.5,1.13e+06,2.04e+03,4229,1.19,-9.4,-0.98,-10.38,255,220,167
G,8,Ia,8.1,1.96e+05,8.51e+02,4229,1.19,-7.5,-0.98,-8.48,255,220,167
G,8,Ib,3.6,1.49e+04,2.34e+02,4229,1.19,-4.7,-0.98,-5.68,255,220,167
G,8,II,2.9,1.96e+03,8.51e+01,4229,1.19,-2.5,-0.98,-3.48,255,229,189
G,8,III,2.2,1.24e+02,2.14e+01,4229,1.19,0.5,-0.98,-0.48,255,231,199
G,8,IV,1.5,6.50e+00,3.34e+00,5120,0.89,3.1,-0.38,2.72,255,233,211
G,8,V,0.8,6.50e-01,1.06e+00,5120,0.89,5.6,-0.38,5.22,255,237,222
G,8,VI,0.7,1.79e-01,5.54e-01,5120,0.89,7.0,-0.38,6.62,255,237,222
G,9,Ia0,12.5,1.19e+06,2.16e+03,4171,1.21,-9.4,-1.04,-10.44,255,221,174
G,9,Ia,8.1,2.07e+05,8.98e+02,4171,1.21,-7.5,-1.04,-8.54,255,221,174
G,9,Ib,3.8,1.57e+04,2.47e+02,4171,1.21,-4.7,-1.04,-5.74,255,221,174
G,9,II,3.0,2.07e+03,8.98e+01,4171,1.21,-2.5,-1.04,-3.54,255,227,184
G,9,III,2.3,1.31e+02,2.26e+01,4171,1.21,0.5,-1.04,-0.54,255,231,196
G,9,IV,1.6,6.80e+00,3.57e+00,5010,0.92,3.1,-0.43,2.67,255,229,200
G,9,V,0.8,5.66e-01,1.03e+00,5010,0.92,5.8,-0.43,5.37,255,239,221
G,9,VI,0.7,1.71e-01,5.66e-01,5010,0.92,7.1,-0.43,6.67,255,239,221
K,0,Ia0,12.5,1.26e+06,2.28e+03,4114,1.24,-9.4,-1.10,-10.50,255,221,181
K,0,Ia,8.2,2.19e+05,9.50e+02,4114,1.24,-7.5,-1.10,-8.60,255,221,181
K,0,Ib,3.9,1.66e+04,2.62e+02,4114,1.24,-4.7,-1.10,-5.80,255,221,181
K,0,II,3.1,2.19e+03,9.50e+01,4114,1.24,-2.5,-1.10,-3.60,255,226,180
K,0,III,2.3,1.38e+02,2.39e+01,4114,1.24,0.5,-1.10,-0.60,255,227,190
K,0,IV,1.6,7.16e+00,3.83e+00,4900,0.96,3.1,-0.49,2.61,255,225,189
K,0,V,0.8,5.43e-01,1.05e+00,4900,0.96,5.9,-0.49,5.41,255,238,221
K,0,VI,0.7,1.50e-01,5.53e-01,4900,0.96,7.3,-0.49,6.81,255,238,221
K,1,Ia0,12.5,1.22e+06,2.30e+03,4057,1.26,-9.3,-1.17,-10.47,255,220,177
K,1,Ia,8.3,2.12e+05,9.60e+02,4057,1.26,-7.4,-1.17,-8.57,255,220,177
K,1,Ib,4.1,1.76e+04,2.77e+02,4057,1.26,-4.7,-1.17,-5.87,255,220,177
K,1,II,3.3,2.32e+03,1.01e+02,4057,1.26,-2.5,-1.17,-3.67,255,224,175
K,1,III,2.4,1.61e+02,2.64e+01,4057,1.26,0.4,-1.17,-0.77,255,223,181
K,1,IV,1.6,7.71e+00,4.21e+00,4760,1.00,3.1,-0.57,2.53,255,216,171
K,1,V,0.8,4.43e-01,1.01e+00,4760,1.00,6.2,-0.57,5.63,255,224,188
K,1,VI,0.6,1.34e-01,5.55e-01,4760,1.00,7.5,-0.57,6.93,255,224,188
K,2,Ia0,13.3,1.30e+06,2.44e+03,4000,1.28,-9.3,-1.23,-10.53,255,211,135
K,2,Ia,8.8,2.25e+05,1.02e+03,4000,1.28,-7.4,-1.23,-8.63,255,211,135
K,2,Ib,4.3,2.06e+04,3.08e+02,4000,1.28,-4.8,-1.23,-6.03,255,211,135
K,2,II,3.4,2.47e+03,1.07e+02,4000,1.28,-2.5,-1.23,-3.73,255,222,170
K,2,III,2.5,2.06e+02,3.08e+01,4000,1.28,0.2,-1.23,-1.03,255,221,175
K,2,IV,1.6,8.38e+00,4.66e+00,4620,1.05,3.1,-0.66,2.44,255,229,202
K,2,V,0.7,4.01e-01,1.02e+00,4620,1.05,6.4,-0.66,5.74,255,227,196
K,2,VI,0.6,1.21e-01,5.60e-01,4620,1.05,7.7,-0.66,7.04,255,227,196
K,3,Ia0,14.2,1.46e+06,2.72e+03,3900,1.32,-9.3,-1.36,-10.66,255,204,128
K,3,Ia,9.4,2.53e+05,1.14e+03,3900,1.32,-7.4,-1.36,-8.76,255,204,128
K,3,Ib,4.6,2.53e+04,3.59e+02,3900,1.32,-4.9,-1.36,-6.26,255,204,128
K,3,II,3.6,2.77e+03,1.19e+02,3900,1.32,-2.5,-1.36,-3.86,255,220,166
K,3,III,2.6,2.53e+02,3.59e+01,3900,1.32,0.1,-1.36,-1.26,255,216,167
K,3,IV,1.7,9.22e+00,5.19e+00,4480,1.10,3.1,-0.76,2.34,255,219,167
K,3,V,0.7,3.35e-01,9.90e-01,4480,1.10,6.7,-0.76,5.94,255,222,195
K,3,VI,0.6,1.01e-01,5.44e-01,4480,1.10,8.0,-0.76,7.24,255,222,195
K,4,Ia0,15.0,1.65e+06,3.06e+03,3800,1.36,-9.3,-1.50,-10.80,255,201,118
K,4,Ia,9.9,2.62e+05,1.22e+03,3800,1.36,-7.3,-1.50,-8.80,255,201,118
K,4,Ib,4.8,3.15e+04,4.22e+02,3800,1.36,-5.0,-1.50,-6.50,255,201,118
K,4,II,3.8,3.15e+03,1.33e+02,3800,1.36,-2.5,-1.50,-4.00,255,218,161
K,4,III,2.7,3.45e+02,4.42e+01,3800,1.36,-0.1,-1.50,-1.60,255,211,146
K,4,IV,1.7,1.03e+01,5.84e+00,4340,1.15,3.1,-0.88,2.22,255,218,166
K,4,V,0.7,3.10e-01,1.02e+00,4340,1.15,6.9,-0.88,6.02,255,216,181
K,4,VI,0.5,9.36e-02,5.58e-01,4340,1.15,8.2,-0.88,7.32,255,216,181
K,5,Ia0,15.8,1.90e+06,3.46e+03,3700,1.41,-9.3,-1.65,-10.95,255,209,154
K,5,Ia,10.4,3.01e+05,1.38e+03,3700,1.41,-7.3,-1.65,-8.95,255,209,154
K,5,Ib,5.0,3.96e+04,4.99e+02,3700,1.41,-5.1,-1.65,-6.75,255,209,154
K,5,II,3.9,3.62e+03,1.51e+02,3700,1.41,-2.5,-1.65,-4.15,255,216,156
K,5,III,2.8,4.35e+02,5.23e+01,3700,1.41,-0.2,-1.65,-1.85,255,204,138
K,5,IV,1.8,1.06e+01,6.33e+00,4200,1.20,3.2,-1.01,2.19,255,217,165
K,5,V,0.7,2.66e-01,1.00e+00,4200,1.20,7.2,-1.01,6.19,255,210,161
K,5,VI,0.5,8.80e-02,5.78e-01,4200,1.20,8.4,-1.01,7.39,255,210,161
K,6,Ia0,15.8,1.85e+06,3.38e+03,3717,1.40,-9.3,-1.62,-10.92,255,208,152
K,6,Ia,10.6,2.94e+05,1.35e+03,3717,1.40,-7.3,-1.62,-8.92,255,208,152
K,6,Ib,5.3,4.24e+04,5.12e+02,3717,1.40,-5.2,-1.62,-6.82,255,208,152
K,6,II,4.2,3.53e+03,1.48e+02,3717,1.40,-2.5,-1.62,-4.12,255,214,152
K,6,III,3.0,4.65e+02,5.36e+01,3717,1.40,-0.3,-1.62,-1.92,255,206,140
K,6,IV,1.8,1.22e+01,7.26e+00,4060,1.26,3.2,-1.16,2.04,255,216,164
K,6,V,0.6,2.11e-01,9.57e-01,4060,1.26,7.6,-1.16,6.44,255,205,152
K,6,VI,0.5,7.67e-02,5.77e-01,4060,1.26,8.7,-1.16,7.54,255,205,152
K,7,Ia0,15.8,1.81e+06,3.32e+03,3733,1.39,-9.3,-1.59,-10.89,255,207,150
K,7,Ia,10.7,2.62e+05,1.26e+03,3733,1.39,-7.2,-1.59,-8.79,255,207,150
K,7,Ib,5.7,4.55e+04,5.26e+02,3733,1.39,-5.3,-1.59,-6.89,255,207,150
K,7,II,4.4,3.45e+03,1.45e+02,3733,1.39,-2.5,-1.59,-4.09,255,212,147
K,7,III,3.1,4.99e+02,5.50e+01,3733,1.39,-0.4,-1.59,-1.99,255,208,142
K,7,IV,1.9,1.42e+01,8.43e+00,3920,1.31,3.2,-1.33,1.87,255,216,163
K,7,V,0.6,1.87e-01,9.67e-01,3920,1.31,7.9,-1.33,6.57,255,199,142
K,7,VI,0.4,6.80e-02,5.83e-01,3920,1.31,9.0,-1.33,7.67,255,199,142
K,8,Ia0,15.8,1.77e+06,3.25e+03,3750,1.38,-9.3,-1.57,-10.87,255,206,147
K,8,Ia,10.9,2.56e+05,1.23e+03,3750,1.38,-7.2,-1.57,-8.77,255,206,147
K,8,Ib,6.0,4.44e+04,5.15e+02,3750,1.38,-5.3,-1.57,-6.87,255,206,147
K,8,II,4.6,3.69e+03,1.48e+02,3750,1.38,-2.6,-1.57,-4.17,255,210,142
K,8,III,3.3,5.34e+02,5.64e+01,3750,1.38,-0.5,-1.57,-2.07,255,206,139
K,8,IV,1.9,1.70e+01,9.90e+00,3780,1.37,3.2,-1.52,1.68,255,215,162
K,8,V,0.6,1.55e-01,9.46e-01,3780,1.37,8.3,-1.52,6.78,255,209,174
K,8,VI,0.3,5.62e-02,5.70e-01,3780,1.37,9.4,-1.52,7.88,255,209,174
K,9,Ia0,15.8,1.83e+06,3.35e+03,3725,1.39,-9.3,-1.61,-10.91,255,205,145
K,9,Ia,11.1,2.65e+05,1.27e+03,3725,1.39,-7.2,-1.61,-8.81,255,205,145
K,9,Ib,6.3,5.04e+04,5.56e+02,3725,1.39,-5.4,-1.61,-7.01,255,205,145
K,9,II,4.9,3.83e+03,1.53e+02,3725,1.39,-2.6,-1.61,-4.21,255,209,138
K,9,III,3.4,6.06e+02,6.09e+01,3725,1.39,-0.6,-1.61,-2.21,255,205,135
K,9,IV,2.0,2.07e+01,1.18e+01,3640,1.43,3.2,-1.74,1.46,255,214,161
K,9,V,0.5,1.44e-01,9.82e-01,3640,1.43,8.6,-1.74,6.86,255,202,157
K,9,VI,0.3,4.33e-02,5.40e-01,3640,1.43,9.9,-1.74,8.16,255,202,157
M,0,Ia0,15.8,1.90e+06,3.46e+03,3700,1.41,-9.3,-1.65,-10.95,255,204,143
M,0,Ia,13.3,2.74e+05,1.31e+03,3700,1.41,-7.2,-1.65,-8.85,255,204,143
M,0,Ib,10.7,5.73e+04,6.00e+02,3700,1.41,-5.5,-1.65,-7.15,255,204,143
M,0,II,8.2,3.96e+03,1.58e+02,3700,1.41,-2.6,-1.65,-4.25,255,207,133
M,0,III,5.6,6.89e+02,6.58e+01,3700,1.41,-0.7,-1.65,-2.35,255,203,132
M,0,IV,3.1,2.60e+01,1.43e+01,3500,1.49,3.2,-1.99,1.21,255,213,160
M,0,V,0.5,1.25e-01,9.90e-01,3500,1.49,9.0,-1.99,7.01,255,195,139
M,0,VI,0.2,3.76e-02,5.44e-01,3500,1.49,10.3,-1.99,8.31,255,195,139
M,1,Ia0,15.1,2.56e+06,4.46e+03,3510,1.49,-9.3,-1.97,-11.27,255,202,138
M,1,Ia,12.7,3.37e+05,1.62e+03,3510,1.49,-7.1,-1.97,-9.07,255,202,138
M,1,Ib,10.2,7.73e+04,7.75e+02,3510,1.49,-5.5,-1.97,-7.47,255,202,138
M,1,II,7.8,5.86e+03,2.13e+02,3510,1.49,-2.7,-1.97,-4.67,255,205,128
M,1,III,5.3,9.29e+02,8.50e+01,3510,1.49,-0.7,-1.97,-2.67,255,200,121
M,1,IV,2.9,3.55e+01,1.84e+01,3333,1.57,3.2,-2.33,0.87,255,212,159
M,1,V,0.5,6.18e-02,7.68e-01,3333,1.57,10.1,-2.33,7.77,255,204,142
M,1,VI,0.2,1.86e-02,4.22e-01,3333,1.57,11.4,-2.33,9.07,255,204,142
M,2,Ia0,14.5,3.65e+06,5.95e+03,3320,1.58,-9.3,-2.36,-11.66,255,193,104
M,2,Ia,12.1,4.81e+05,2.16e+03,3320,1.58,-7.1,-2.36,-9.46,255,193,104
M,2,Ib,9.8,1.10e+05,1.03e+03,3320,1.58,-5.5,-2.36,-7.86,255,193,104
M,2,II,7.4,8.36e+03,2.85e+02,3320,1.58,-2.7,-2.36,-5.06,255,203,124
M,2,III,5.1,1.21e+03,1.08e+02,3320,1.58,-0.6,-2.36,-2.96,255,198,118
M,2,IV,2.7,5.09e+01,2.44e+01,3167,1.65,3.2,-2.72,0.48,255,211,157
M,2,V,0.4,3.21e-02,6.14e-01,3167,1.65,11.2,-2.72,8.48,255,196,131
M,2,VI,0.2,8.85e-03,3.22e-01,3167,1.65,12.6,-2.72,9.88,255,196,131
M,3,Ia0,13.8,5.07e+06,7.89e+03,3130,1.67,-9.2,-2.81,-12.01,255,192,118
M,3,Ia,11.6,7.33e+05,3.00e+03,3130,1.67,-7.1,-2.81,-9.91,255,192,118
M,3,Ib,9.3,1.68e+05,1.44e+03,3130,1.67,-5.5,-2.81,-8.31,255,192,118
M,3,II,7.1,1.40e+04,4.14e+02,3130,1.67,-2.8,-2.81,-5.61,255,201,119
M,3,III,4.8,1.84e+03,1.50e+02,3130,1.67,-0.6,-2.81,-3.41,255,200,119
M,3,IV,2.6,7.76e+01,3.36e+01,3000,1.74,3.2,-3.18,0.02,255,210,156
M,3,V,0.3,1.78e-02,5.09e-01,3000,1.74,12.3,-3.18,9.12,255,206,129
M,3,VI,0.2,4.90e-03,2.67e-01,3000,1.74,13.7,-3.18,10.52,255,206,129
M,4,Ia0,13.2,8.38e+06,1.15e+04,2940,1.77,-9.2,-3.36,-12.56,255,185,104
M,4,Ia,11.0,1.10e+06,4.18e+03,2940,1.77,-7.0,-3.36,-10.36,255,185,104
M,4,Ib,8.9,2.77e+05,2.09e+03,2940,1.77,-5.5,-3.36,-8.86,255,185,104
M,4,II,6.7,2.31e+04,6.04e+02,2940,1.77,-2.8,-3.36,-6.16,255,199,114
M,4,III,4.6,2.77e+03,2.09e+02,2940,1.77,-0.5,-3.36,-3.86,255,206,127
M,4,IV,2.4,1.27e+02,4.83e+01,2833,1.83,3.2,-3.71,-0.51,255,209,155
M,4,V,0.3,1.06e-02,4.40e-01,2833,1.83,13.4,-3.71,9.69,255,201,127
M,4,VI,0.1,2.66e-03,2.21e-01,2833,1.83,14.9,-3.71,11.19,255,201,127
M,5,Ia0,12.5,1.53e+07,1.78e+04,2750,1.88,-9.2,-4.01,-13.21,255,178,078
M,5,Ia,10.5,2.02e+06,6.45e+03,2750,1.88,-7.0,-4.01,-11.01,255,178,078
M,5,Ib,8.4,5.07e+05,3.23e+03,2750,1.88,-5.5,-4.01,-9.51,255,178,078
M,5,II,6.4,4.62e+04,9.76e+02,2750,1.88,-2.9,-4.01,-6.91,255,197,110
M,5,III,4.3,5.07e+03,3.23e+02,2750,1.88,-0.5,-4.01,-4.51,255,197,124
M,5,IV,2.3,2.07e+02,6.94e+01,2667,1.93,3.3,-4.34,-1.04,255,209,154
M,5,V,0.2,6.24e-03,3.81e-01,2667,1.93,14.6,-4.34,10.26,255,204,111
M,5,VI,0.1,1.72e-03,2.00e-01,2667,1.93,16.0,-4.34,11.66,255,204,111
M,6,Ia0,12.4,2.88e+07,2.81e+04,2560,2.00,-9.1,-4.80,-13.90,255,171,052
M,6,Ia,10.3,4.17e+06,1.07e+04,2560,2.00,-7.0,-4.80,-11.80,255,171,052
M,6,Ib,8.3,9.55e+05,5.12e+03,2560,2.00,-5.4,-4.80,-10.20,255,171,052
M,6,II,6.3,9.55e+04,1.62e+03,2560,2.00,-2.9,-4.80,-7.70,255,195,105
M,6,III,4.2,9.55e+03,5.12e+02,2560,2.00,-0.4,-4.80,-5.20,255,178,121
M,6,IV,2.2,4.10e+02,1.11e+02,2500,2.03,3.3,-5.08,-1.78,255,208,153
M,6,V,0.2,4.50e-03,3.68e-01,2500,2.03,15.7,-5.08,10.62,255,195,112
M,6,VI,0.1,1.63e-03,2.22e-01,2500,2.03,16.8,-5.08,11.72,255,195,112
M,7,Ia0,12.3,6.96e+07,5.10e+04,2370,2.12,-9.1,-5.76,-14.86,255,164,026
M,7,Ia,10.2,9.18e+06,1.85e+04,2370,2.12,-6.9,-5.76,-12.66,255,164,026
M,7,Ib,8.2,2.10e+06,8.87e+03,2370,2.12,-5.3,-5.76,-11.06,255,164,026
M,7,II,6.2,2.53e+05,3.07e+03,2370,2.12,-3.0,-5.76,-8.76,255,193,100
M,7,III,4.2,2.10e+04,8.87e+02,2370,2.12,-0.3,-5.76,-6.06,255,165,097
M,7,IV,2.1,9.26e+02,1.92e+02,2333,2.14,3.3,-5.97,-2.67,255,207,152
M,7,V,0.1,3.69e-03,3.83e-01,2333,2.14,16.8,-5.97,10.83,255,197,111
M,7,VI,0.1,1.94e-03,2.78e-01,2333,2.14,17.5,-5.97,11.53,255,197,111
M,8,Ia0,12.1,2.05e+08,1.03e+05,2180,2.25,-9.1,-6.93,-16.03,255,157,000
M,8,Ia,10.1,2.70e+07,3.76e+04,2180,2.25,-6.9,-6.93,-13.83,255,157,000
M,8,Ib,8.1,5.15e+06,1.64e+04,2180,2.25,-5.1,-6.93,-12.03,255,157,000
M,8,II,6.1,7.44e+05,6.23e+03,2180,2.25,-3.0,-6.93,-9.93,255,192,096
M,8,III,4.1,5.15e+04,1.64e+03,2180,2.25,-0.1,-6.93,-7.03,255,167,097
M,8,IV,2.1,2.44e+03,3.61e+02,2167,2.26,3.3,-7.02,-3.72,255,206,151
M,8,V,0.1,3.53e-03,4.34e-01,2167,2.26,17.9,-7.02,10.88,255,198,109
M,8,VI,0.1,2.44e-03,3.61e-01,2167,2.26,18.3,-7.02,11.28,255,198,109
M,9,Ia0,12.0,7.11e+08,2.31e+05,1990,2.40,-9.0,-8.38,-17.38,255,157,000
M,9,Ia,10.0,1.03e+08,8.79e+04,1990,2.40,-6.9,-8.38,-15.28,255,157,000
M,9,Ib,8.0,1.79e+07,3.67e+04,1990,2.40,-5.0,-8.38,-13.38,255,157,000
M,9,II,6.0,2.83e+06,1.46e+04,1990,2.40,-3.0,-8.38,-11.38,255,190,091
M,9,III,4.1,1.79e+05,3.67e+03,1990,2.40,0.0,-8.38,-8.38,255,233,154
M,9,IV,2.1,7.91e+03,7.64e+02,2000,2.39,3.3,-8.30,-5.00,255,205,150
M,9,V,0.1,4.15e-03,5.53e-01,2000,2.39,19.0,-8.30,10.70,255,198,108
M,9,VI,0.1,4.15e-03,5.53e-01,2000,2.39,19.0,-8.30,10.70,255,198,108
N,0,Ia0,15.8,1.90e+06,3.46e+03,3700,1.41,-9.3,-1.65,-10.95,255,204,143
N,0,Ia,13.3,2.74e+05,1.31e+03,3700,1.41,-7.2,-1.65,-8.85,255,204,143
N,0,Ib,10.7,5.73e+04,6.00e+02,3700,1.41,-5.5,-1.65,-7.15,255,204,143
N,0,II,8.2,3.96e+03,1.58e+02,3700,1.41,-2.6,-1.65,-4.25,255,207,133
N,0,III,5.6,6.89e+02,6.58e+01,3700,1.41,-0.7,-1.65,-2.35,255,203,132
N,0,IV,3.1,2.60e+01,1.43e+01,3500,1.49,3.2,-1.99,1.21,255,213,160
N,0,V,0.5,1.25e-01,9.90e-01,3500,1.49,9.0,-1.99,7.01,255,195,139
N,0,VI,0.2,3.76e-02,5.44e-01,3500,1.49,10.3,-1.99,8.31,255,195,139
N,1,Ia0,15.1,2.56e+06,4.46e+03,3510,1.49,-9.3,-1.97,-11.27,255,202,138
N,1,Ia,12.7,3.37e+05,1.62e+03,3510,1.49,-7.1,-1.97,-9.07,255,202,138
N,1,Ib,10.2,7.73e+04,7.75e+02,3510,1.49,-5.5,-1.97,-7.47,255,202,138
N,1,II,7.8,5.86e+03,2.13e+02,3510,1.49,-2.7,-1.97,-4.67,255,205,128
N,1,III,5.3,9.29e+02,8.50e+01,3510,1.49,-0.7,-1.97,-2.67,255,200,121
N,1,IV,2.9,3.55e+01,1.84e+01,3333,1.57,3.2,-2.33,0.87,255,212,159
N,1,V,0.5,6.18e-02,7.68e-01,3333,1.57,10.1,-2.33,7.77,255,204,142
N,1,VI,0.2,1.86e-02,4.22e-01,3333,1.57,11.4,-2.33,9.07,255,204,142
N,2,Ia0,14.5,3.65e+06,5.95e+03,3320,1.58,-9.3,-2.36,-11.66,255,193,104
N,2,Ia,12.1,4.81e+05,2.16e+03,3320,1.58,-7.1,-2.36,-9.46,255,193,104
N,2,Ib,9.8,1.10e+05,1.03e+03,3320,1.58,-5.5,-2.36,-7.86,255,193,104
N,2,II,7.4,8.36e+03,2.85e+02,3320,1.58,-2.7,-2.36,-5.06,255,203,124
N,2,III,5.1,1.21e+03,1.08e+02,3320,1.58,-0.6,-2.36,-2.96,255,198,118
N,2,IV,2.7,5.09e+01,2.44e+01,3167,1.65,3.2,-2.72,0.48,255,211,157
N,2,V,0.4,3.21e-02,6.14e-01,3167,1.65,11.2,-2.72,8.48,255,196,131
N,2,VI,0.2,8.85e-03,3.22e-01,3167,1.65,12.6,-2.72,9.88,255,196,131
N,3,Ia0,13.8,5.07e+06,7.89e+03,3130,1.67,-9.2,-2.81,-12.01,255,192,118
N,3,Ia,11.6,7.33e+05,3.00e+03,3130,1.67,-7.1,-2.81,-9.91,255,192,118
N,3,Ib,9.3,1.68e+05,1.44e+03,3130,1.67,-5.5,-2.81,-8.31,255,192,118
N,3,II,7.1,1.40e+04,4.14e+02,3130,1.67,-2.8,-2.81,-5.61,255,201,119
N,3,III,4.8,1.84e+03,1.50e+02,3130,1.67,-0.6,-2.81,-3.41,255,200,119
N,3,IV,2.6,7.76e+01,3.36e+01,3000,1.74,3.2,-3.18,0.02,255,210,156
N,3,V,0.3,1.78e-02,5.09e-01,3000,1.74,12.3,-3.18,9.12,255,206,129
N,3,VI,0.2,4.90e-03,2.67e-01,3000,1.74,13.7,-3.18,10.52,255,206,129
N,4,Ia0,13.2,8.38e+06,1.15e+04,2940,1.77,-9.2,-3.36,-12.56,255,185,104
N,4,Ia,11.0,1.10e+06,4.18e+03,2940,1.77,-7.0,-3.36,-10.36,255,185,104
N,4,Ib,8.9,2.77e+05,2.09e+03,2940,1.77,-5.5,-3.36,-8.86,255,185,104
N,4,II,6.7,2.31e+04,6.04e+02,2940,1.77,-2.8,-3.36,-6.16,255,199,114
N,4,III,4.6,2.77e+03,2.09e+02,2940,1.77,-0.5,-3.36,-3.86,255,206,127
N,4,IV,2.4,1.27e+02,4.83e+01,2833,1.83,3.2,-3.71,-0.51,255,209,155
N,4,V,0.3,1.06e-02,4.40e-01,2833,1.83,13.4,-3.71,9.69,255,201,127
N,4,VI,0.1,2.66e-03,2.21e-01,2833,1.83,14.9,-3.71,11.19,255,201,127
N,5,Ia0,12.5,1.53e+07,1.78e+04,2750,1.88,-9.2,-4.01,-13.21,255,178,078
N,5,Ia,10.5,2.02e+06,6.45e+03,2750,1.88,-7.0,-4.01,-11.01,255,178,078
N,5,Ib,8.4,5.07e+05,3.23e+03,2750,1.88,-5.5,-4.01,-9.51,255,178,078
N,5,II,6.4,4.62e+04,9.76e+02,2750,1.88,-2.9,-4.01,-6.91,255,197,110
N,5,III,4.3,5.07e+03,3.23e+02,2750,1.88,-0.5,-4.01,-4.51,255,197,124
N,5,IV,2.3,2.07e+02,6.94e+01,2667,1.93,3.3,-4.34,-1.04,255,209,154
N,5,V,0.2,6.24e-03,3.81e-01,2667,1.93,14.6,-4.34,10.26,255,204,111
N,5,VI,0.1,1.72e-03,2.00e-01,2667,1.93,16.0,-4.34,11.66,255,204,111
N,6,Ia0,12.4,2.88e+07,2.81e+04,2560,2.00,-9.1,-4.80,-13.90,255,171,052
N,6,Ia,10.3,4.17e+06,1.07e+04,2560,2.00,-7.0,-4.80,-11.80,255,171,052
N,6,Ib,8.3,9.55e+05,5.12e+03,2560,2.00,-5.4,-4.80,-10.20,255,171,052
N,6,II,6.3,9.55e+04,1.62e+03,2560,2.00,-2.9,-4.80,-7.70,255,195,105
N,6,III,4.2,9.55e+03,5.12e+02,2560,2.00,-0.4,-4.80,-5.20,255,178,121
N,6,IV,2.2,4.10e+02,1.11e+02,2500,2.03,3.3,-5.08,-1.78,255,208,153
N,6,V,0.2,4.50e-03,3.68e-01,2500,2.03,15.7,-5.08,10.62,255,195,112
N,6,VI,0.1,1.63e-03,2.22e-01,2500,2.03,16.8,-5.08,11.72,255,195,112
N,7,Ia0,12.3,6.96e+07,5.10e+04,2370,2.12,-9.1,-5.76,-14.86,255,164,026
N,7,Ia,10.2,9.18e+06,1.85e+04,2370,2.12,-6.9,-5.76,-12.66,255,164,026
N,7,Ib,8.2,2.10e+06,8.87e+03,2370,2.12,-5.3,-5.76,-11.06,255,164,026
N,7,II,6.2,2.53e+05,3.07e+03,2370,2.12,-3.0,-5.76,-8.76,255,193,100
N,7,III,4.2,2.10e+04,8.87e+02,2370,2.12,-0.3,-5.76,-6.06,255,165,097
N,7,IV,2.1,9.26e+02,1.92e+02,2333,2.14,3.3,-5.97,-2.67,255,207,152
N,7,V,0.1,3.69e-03,3.83e-01,2333,2.14,16.8,-5.97,10.83,255,197,111
N,7,VI,0.1,1.94e-03,2.78e-01,2333,2.14,17.5,-5.97,11.53,255,197,111
N,8,Ia0,12.1,2.05e+08,1.03e+05,2180,2.25,-9.1,-6.93,-16.03,255,157,000
N,8,Ia,10.1,2.70e+07,3.76e+04,2180,2.25,-6.9,-6.93,-13.83,255,157,000
N,8,Ib,8.1,5.15e+06,1.64e+04,2180,2.25,-5.1,-6.93,-12.03,255,157,000
N,8,II,6.1,7.44e+05,6.23e+03,2180,2.25,-3.0,-6.93,-9.93,255,192,096
N,8,III,4.1,5.15e+04,1.64e+03,2180,2.25,-0.1,-6.93,-7.03,255,167,097
N,8,IV,2.1,2.44e+03,3.61e+02,2167,2.26,3.3,-7.02,-3.72,255,206,151
N,8,V,0.1,3.53e-03,4.34e-01,2167,2.26,17.9,-7.02,10.88,255,198,109
N,8,VI,0.1,2.44e-03,3.61e-01,2167,2.26,18.3,-7.02,11.28,255,198,109
N,9,Ia0,12.0,7.11e+08,2.31e+05,1990,2.40,-9.0,-8.38,-17.38,255,157,000
N,9,Ia,10.0,1.03e+08,8.79e+04,1990,2.40,-6.9,-8.38,-15.28,255,157,000
N,9,Ib,8.0,1.79e+07,3.67e+04,1990,2.40,-5.0,-8.38,-13.38,255,157,000
N,9,II,6.0,2.83e+06,1.46e+04,1990,2.40,-3.0,-8.38,-11.38,255,190,091
N,9,III,4.1,1.79e+05,3.67e+03,1990,2.40,0.0,-8.38,-8.38,255,233,154
N,9,IV,2.1,7.91e+03,7.64e+02,2000,2.39,3.3,-8.30,-5.00,255,205,150
N,9,V,0.1,4.15e-03,5.53e-01,2000,2.39,19.0,-8.30,10.70,255,198,108
N,9,VI,0.1,4.15e-03,5.53e-01,2000,2.39,19.0,-8.30,10.70,255,198,108
WC,0,Ia0,160.0,3.41e+07,8.02e+01,50000,-0.35,-9.5,-4.58,-14.08,144,166,255
WC,0,Ia,150.0,2.59e+06,2.21e+01,50000,-0.35,-6.7,-4.58,-11.28,144,166,255
WC,0,Ib,140.0,2.15e+06,2.02e+01,50000,-0.35,-6.5,-4.58,-11.08,144,166,255
WC,0,II,130.0,2.15e+06,2.02e+01,50000,-0.35,-6.5,-4.58,-11.08,144,166,255
WC,0,III,120.0,2.15e+06,2.02e+01,50000,-0.35,-6.5,-4.58,-11.08,144,166,255
WC,0,IV,110.0,1.36e+06,1.60e+01,50000,-0.35,-6.0,-4.58,-10.58,144,166,255
WC,0,V,100.0,1.24e+06,1.53e+01,50000,-0.35,-5.9,-4.58,-10.48,144,166,255
WC,0,VI,60.0,9.40e+05,1.33e+01,50000,-0.35,-5.6,-4.58,-10.18,144,166,255
WC,1,Ia0,159.7,2.71e+07,7.88e+01,47600,-0.35,-9.4,-4.43,-13.83,146,168,255
WC,1,Ia,149.3,2.25e+06,2.27e+01,47600,-0.35,-6.7,-4.43,-11.13,146,168,255
WC,1,Ib,139.0,1.87e+06,2.07e+01,47600,-0.35,-6.5,-4.43,-10.93,146,168,255
WC,1,II,128.6,1.73e+06,1.98e+01,47800,-0.35,-6.4,-4.44,-10.84,146,168,255
WC,1,III,118.2,1.58e+06,1.89e+01,47800,-0.35,-6.3,-4.44,-10.74,146,168,255
WC,1,IV,107.9,1.09e+06,1.57e+01,47800,-0.35,-5.9,-4.44,-10.34,145,167,255
WC,1,V,97.5,9.94e+05,1.50e+01,47800,-0.35,-5.8,-4.44,-10.24,146,168,255
WC,1,VI,37.0,7.54e+05,1.31e+01,47800,-0.35,-5.5,-4.44,-9.94,146,168,255
WC,2,Ia0,159.4,2.14e+07,7.77e+01,45200,-0.35,-9.3,-4.28,-13.58,148,170,255
WC,2,Ia,148.6,2.14e+06,2.46e+01,45200,-0.35,-6.8,-4.28,-11.08,148,170,255
WC,2,Ib,137.9,1.62e+06,2.14e+01,45200,-0.35,-6.5,-4.28,-10.78,148,170,255
WC,2,II,127.2,1.52e+06,2.03e+01,45600,-0.35,-6.4,-4.30,-10.70,148,170,255
WC,2,III,116.5,1.26e+06,1.85e+01,45600,-0.35,-6.2,-4.30,-10.50,148,169,255
WC,2,IV,105.7,8.72e+05,1.54e+01,45600,-0.35,-5.8,-4.30,-10.10,146,169,255
WC,2,V,95.0,7.95e+05,1.47e+01,45600,-0.35,-5.7,-4.30,-10.00,148,170,255
WC,2,VI,30.0,6.03e+05,1.28e+01,45600,-0.35,-5.4,-4.30,-9.70,148,170,255
WC,3,Ia0,159.0,1.68e+07,7.69e+01,42800,-0.34,-9.2,-4.12,-13.32,151,172,255
WC,3,Ia,148.0,1.85e+06,2.55e+01,42800,-0.34,-6.8,-4.12,-10.92,151,172,255
WC,3,Ib,136.9,1.40e+06,2.22e+01,42800,-0.34,-6.5,-4.12,-10.62,151,172,255
WC,3,II,125.8,1.21e+06,2.00e+01,43400,-0.34,-6.3,-4.16,-10.46,149,173,255
WC,3,III,114.7,9.17e+05,1.75e+01,43400,-0.34,-6.0,-4.16,-10.16,150,171,255
WC,3,IV,103.6,6.96e+05,1.52e+01,43400,-0.34,-5.7,-4.16,-9.86,148,170,255
WC,3,V,92.5,6.34e+05,1.45e+01,43400,-0.34,-5.6,-4.16,-9.76,151,172,255
WC,3,VI,23.0,4.81e+05,1.26e+01,43400,-0.34,-5.3,-4.16,-9.46,151,172,255
WC,4,Ia0,158.7,1.32e+07,7.64e+01,40400,-0.33,-9.1,-3.95,-13.05,153,174,255
WC,4,Ia,147.3,1.74e+06,2.77e+01,40400,-0.33,-6.9,-3.95,-10.85,153,174,255
WC,4,Ib,135.8,1.20e+06,2.31e+01,40400,-0.33,-6.5,-3.95,-10.45,153,174,255
WC,4,II,124.4,9.60e+05,1.98e+01,41200,-0.34,-6.2,-4.01,-10.21,151,175,255
WC,4,III,112.9,7.28e+05,1.73e+01,41200,-0.34,-5.9,-4.01,-9.91,152,172,255
WC,4,IV,101.5,5.52e+05,1.50e+01,41200,-0.34,-5.6,-4.01,-9.61,149,171,255
WC,4,V,90.0,5.04e+05,1.44e+01,41200,-0.34,-5.5,-4.01,-9.51,153,174,255
WC,4,VI,20.0,3.82e+05,1.25e+01,41200,-0.34,-5.2,-4.01,-9.21,153,174,255
WC,5,Ia0,158.4,1.03e+07,7.62e+01,38000,-0.33,-9.0,-3.78,-12.78,155,176,255
WC,5,Ia,142.0,1.48e+06,2.90e+01,38000,-0.33,-6.9,-3.78,-10.68,155,176,255
WC,5,Ib,125.6,1.03e+06,2.41e+01,38000,-0.33,-6.5,-3.78,-10.28,155,176,255
WC,5,II,109.2,7.59e+05,1.97e+01,39000,-0.33,-6.1,-3.85,-9.95,153,177,255
WC,5,III,92.8,5.25e+05,1.64e+01,39000,-0.33,-5.7,-3.85,-9.55,154,174,255
WC,5,IV,76.4,4.37e+05,1.49e+01,39000,-0.33,-5.5,-3.85,-9.35,150,172,255
WC,5,V,60.0,3.98e+05,1.42e+01,39000,-0.33,-5.4,-3.85,-9.25,155,176,255
WC,5,VI,17.5,3.02e+05,1.24e+01,39000,-0.33,-5.1,-3.85,-8.95,155,176,255
WC,6,Ia0,136.7,7.81e+06,7.66e+01,35400,-0.32,-8.9,-3.58,-12.48,157,178,255
WC,6,Ia,120.1,1.36e+06,3.19e+01,35400,-0.32,-7.0,-3.58,-10.58,157,178,255
WC,6,Ib,103.5,7.81e+05,2.42e+01,35400,-0.32,-6.4,-3.58,-9.98,157,178,255
WC,6,II,86.9,6.54e+05,2.05e+01,36800,-0.32,-6.1,-3.69,-9.79,155,179,255
WC,6,III,70.2,3.76e+05,1.56e+01,36800,-0.32,-5.5,-3.69,-9.19,156,175,255
WC,6,IV,53.6,3.13e+05,1.42e+01,36800,-0.32,-5.3,-3.69,-8.99,151,174,255
WC,6,V,37.0,2.60e+05,1.29e+01,36800,-0.32,-5.1,-3.69,-8.79,162,184,255
WC,6,VI,14.2,1.80e+05,1.08e+01,36800,-0.32,-4.7,-3.69,-8.39,162,184,255
WC,7,Ia0,115.1,5.88e+06,7.74e+01,32800,-0.31,-8.8,-3.37,-12.17,160,181,255
WC,7,Ia,100.9,1.12e+06,3.38e+01,32800,-0.31,-7.0,-3.37,-10.37,160,181,255
WC,7,Ib,86.7,5.88e+05,2.45e+01,32800,-0.31,-6.3,-3.37,-9.67,160,181,255
WC,7,II,72.5,5.10e+05,2.05e+01,34600,-0.32,-6.0,-3.52,-9.52,156,181,255
WC,7,III,58.4,2.94e+05,1.55e+01,34600,-0.32,-5.4,-3.52,-8.92,158,177,255
WC,7,IV,44.2,2.23e+05,1.35e+01,34600,-0.32,-5.1,-3.52,-8.62,152,175,255
WC,7,V,30.0,1.54e+05,1.13e+01,34600,-0.32,-4.7,-3.52,-8.22,157,177,255
WC,7,VI,10.9,1.07e+05,9.36e+00,34600,-0.32,-4.3,-3.52,-7.82,157,177,255
WC,8,Ia0,93.4,4.37e+06,7.87e+01,30200,-0.30,-8.7,-3.15,-11.85,162,183,255
WC,8,Ia,81.7,9.13e+05,3.60e+01,30200,-0.30,-7.0,-3.15,-10.15,162,183,255
WC,8,Ib,69.9,4.37e+05,2.49e+01,30200,-0.30,-6.2,-3.15,-9.35,162,183,255
WC,8,II,58.2,3.60e+05,1.96e+01,32400,-0.31,-5.8,-3.34,-9.14,158,183,255
WC,8,III,46.5,2.07e+05,1.49e+01,32400,-0.31,-5.2,-3.34,-8.54,157,178,255
WC,8,IV,34.7,1.57e+05,1.30e+01,32400,-0.31,-4.9,-3.34,-8.24,153,176,255
WC,8,V,23.0,9.91e+04,1.03e+01,32400,-0.31,-4.4,-3.34,-7.74,157,177,255
WC,8,VI,7.6,5.70e+04,7.81e+00,32400,-0.31,-3.8,-3.34,-7.14,157,177,255
WC,9,Ia0,71.8,3.19e+06,8.05e+01,27600,-0.29,-8.6,-2.91,-11.51,164,185,255
WC,9,Ia,63.1,7.31e+05,3.85e+01,27600,-0.29,-7.0,-2.91,-9.91,164,185,255
WC,9,Ib,54.5,3.19e+05,2.55e+01,27600,-0.29,-6.1,-2.91,-9.01,164,185,255
WC,9,II,45.9,2.76e+05,1.98e+01,30200,-0.30,-5.7,-3.15,-8.85,160,186,255
WC,9,III,37.3,1.59e+05,1.50e+01,30200,-0.30,-5.1,-3.15,-8.25,158,177,255
WC,9,IV,28.6,1.10e+05,1.25e+01,30200,-0.30,-4.7,-3.15,-7.85,155,177,255
WC,9,V,20.0,5.76e+04,9.04e+00,30200,-0.30,-4.0,-3.15,-7.15,154,178,255
WC,9,VI,6.7,3.31e+04,6.85e+00,30200,-0.30,-3.4,-3.15,-6.55,154,178,255
WN,0,Ia0,160.0,3.41e+07,8.02e+01,50000,-0.35,-9.5,-4.58,-14.08,144,166,255
WN,0,Ia,150.0,2.59e+06,2.21e+01,50000,-0.35,-6.7,-4.58,-11.28,144,166,255
WN,0,Ib,140.0,2.15e+06,2.02e+01,50000,-0.35,-6.5,-4.58,-11.08,144,166,255
WN,0,II,130.0,2.15e+06,2.02e+01,50000,-0.35,-6.5,-4.58,-11.08,144,166,255
WN,0,III,120.0,2.15e+06,2.02e+01,50000,-0.35,-6.5,-4.58,-11.08,144,166,255
WN,0,IV,110.0,1.36e+06,1.60e+01,50000,-0.35,-6.0,-4.58,-10.58,144,166,255
WN,0,V,100.0,1.24e+06,1.53e+01,50000,-0.35,-5.9,-4.58,-10.48,144,166,255
WN,0,VI,60.0,9.40e+05,1.33e+01,50000,-0.35,-5.6,-4.58,-10.18,144,166,255
WN,1,Ia0,159.7,2.71e+07,7.88e+01,47600,-0.35,-9.4,-4.43,-13.83,146,168,255
WN,1,Ia,149.3,2.25e+06,2.27e+01,47600,-0.35,-6.7,-4.43,-11.13,146,168,255
WN,1,Ib,139.0,1.87e+06,2.07e+01,47600,-0.35,-6.5,-4.43,-10.93,146,168,255
WN,1,II,128.6,1.73e+06,1.98e+01,47800,-0.35,-6.4,-4.44,-10.84,146,168,255
WN,1,III,118.2,1.58e+06,1.89e+01,47800,-0.35,-6.3,-4.44,-10.74,146,168,255
WN,1,IV,107.9,1.09e+06,1.57e+01,47800,-0.35,-5.9,-4.44,-10.34,145,167,255
WN,1,V,97.5,9.94e+05,1.50e+01,47800,-0.35,-5.8,-4.44,-10.24,146,168,255
WN,1,VI,37.0,7.54e+05,1.31e+01,47800,-0.35,-5.5,-4.44,-9.94,146,168,255
WN,2,Ia0,159.4,2.14e+07,7.77e+01,45200,-0.35,-9.3,-4.28,-13.58,148,170,255
WN,2,Ia,148.6,2.14e+06,2.46e+01,45200,-0.35,-6.8,-4.28,-11.08,148,170,255
WN,2,Ib,137.9,1.62e+06,2.14e+01,45200,-0.35,-6.5,-4.28,-10.78,148,170,255
WN,2,II,127.2,1.52e+06,2.03e+01,45600,-0.35,-6.4,-4.30,-10.70,148,170,255
WN,2,III,116.5,1.26e+06,1.85e+01,45600,-0.35,-6.2,-4.30,-10.50,148,169,255
WN,2,IV,105.7,8.72e+05,1.54e+01,45600,-0.35,-5.8,-4.30,-10.10,146,169,255
WN,2,V,95.0,7.95e+05,1.47e+01,45600,-0.35,-5.7,-4.30,-10.00,148,170,255
WN,2,VI,30.0,6.03e+05,1.28e+01,45600,-0.35,-5.4,-4.30,-9.70,148,170,255
WN,3,Ia0,159.0,1.68e+07,7.69e+01,42800,-0.34,-9.2,-4.12,-13.32,151,172,255
WN,3,Ia,148.0,1.85e+06,2.55e+01,42800,-0.34,-6.8,-4.12,-10.92,151,172,255
WN,3,Ib,136.9,1.40e+06,2.22e+01,42800,-0.34,-6.5,-4.12,-10.62,151,172,255
WN,3,II,125.8,1.21e+06,2.00e+01,43400,-0.34,-6.3,-4.16,-10.46,149,173,255
WN,3,III,114.7,9.17e+05,1.75e+01,43400,-0.34,-6.0,-4.16,-10.16,150,171,255
WN,3,IV,103.6,6.96e+05,1.52e+01,43400,-0.34,-5.7,-4.16,-9.86,148,170,255
WN,3,V,92.5,6.34e+05,1.45e+01,43400,-0.34,-5.6,-4.16,-9.76,151,172,255
WN,3,VI,23.0,4.81e+05,1.26e+01,43400,-0.34,-5.3,-4.16,-9.46,151,172,255
WN,4,Ia0,158.7,1.32e+07,7.64e+01,40400,-0.33,-9.1,-3.95,-13.05,153,174,255
WN,4,Ia,147.3,1.74e+06,2.77e+01,40400,-0.33,-6.9,-3.95,-10.85,153,174,255
WN,4,Ib,135.8,1.20e+06,2.31e+01,40400,-0.33,-6.5,-3.95,-10.45,153,174,255
WN,4,II,124.4,9.60e+05,1.98e+01,41200,-0.34,-6.2,-4.01,-10.21,151,175,255
WN,4,III,112.9,7.28e+05,1.73e+01,41200,-0.34,-5.9,-4.01,-9.91,152,172,255
WN,4,IV,101.5,5.52e+05,1.50e+01,41200,-0.34,-5.6,-4.01,-9.61,149,171,255
WN,4,V,90.0,5.04e+05,1.44e+01,41200,-0.34,-5.5,-4.01,-9.51,153,174,255
WN,4,VI,20.0,3.82e+05,1.25e+01,41200,-0.34,-5.2,-4.01,-9.21,153,174,255
WN,5,Ia0,158.4,1.03e+07,7.62e+01,38000,-0.33,-9.0,-3.78,-12.78,155,176,255
WN,5,Ia,142.0,1.48e+06,2.90e+01,38000,-0.33,-6.9,-3.78,-10.68,155,176,255
WN,5,Ib,125.6,1.03e+06,2.41e+01,38000,-0.33,-6.5,-3.78,-10.28,155,176,255
WN,5,II,109.2,7.59e+05,1.97e+01,39000,-0.33,-6.1,-3.85,-9.95,153,177,255
WN,5,III,92.8,5.25e+05,1.64e+01,39000,-0.33,-5.7,-3.85,-9.55,154,174,255
WN,5,IV,76.4,4.37e+05,1.49e+01,39000,-0.33,-5.5,-3.85,-9.35,150,172,255
WN,5,V,60.0,3.98e+05,1.42e+01,39000,-0.33,-5.4,-3.85,-9.25,155,176,255
WN,5,VI,17.5,3.02e+05,1.24e+01,39000,-0.33,-5.1,-3.85,-8.95,155,176,255
WN,6,Ia0,136.7,7.81e+06,7.66e+01,35400,-0.32,-8.9,-3.58,-12.48,157,178,255
WN,6,Ia,120.1,1.36e+06,3.19e+01,35400,-0.32,-7.0,-3.58,-10.58,157,178,255
WN,6,Ib,103.5,7.81e+05,2.42e+01,35400,-0.32,-6.4,-3.58,-9.98,157,178,255
WN,6,II,86.9,6.54e+05,2.05e+01,36800,-0.32,-6.1,-3.69,-9.79,155,179,255
WN,6,III,70.2,3.76e+05,1.56e+01,36800,-0.32,-5.5,-3.69,-9.19,156,175,255
WN,6,IV,53.6,3.13e+05,1.42e+01,36800,-0.32,-5.3,-3.69,-8.99,151,174,255
WN,6,V,37.0,2.60e+05,1.29e+01,36800,-0.32,-5.1,-3.69,-8.79,162,184,255
WN,6,VI,14.2,1.80e+05,1.08e+01,36800,-0.32,-4.7,-3.69,-8.39,162,184,255
WN,7,Ia0,115.1,5.88e+06,7.74e+01,32800,-0.31,-8.8,-3.37,-12.17,160,181,255
WN,7,Ia,100.9,1.12e+06,3.38e+01,32800,-0.31,-7.0,-3.37,-10.37,160,181,255
WN,7,Ib,86.7,5.88e+05,2.45e+01,32800,-0.31,-6.3,-3.37,-9.67,160,181,255
WN,7,II,72.5,5.10e+05,2.05e+01,34600,-0.32,-6.0,-3.52,-9.52,156,181,255
WN,7,III,58.4,2.94e+05,1.55e+01,34600,-0.32,-5.4,-3.52,-8.92,158,177,255
WN,7,IV,44.2,2.23e+05,1.35e+01,34600,-0.32,-5.1,-3.52,-8.62,152,175,255
WN,7,V,30.0,1.54e+05,1.13e+01,34600,-0.32,-4.7,-3.52,-8.22,157,177,255
WN,7,VI,10.9,1.07e+05,9.36e+00,34600,-0.32,-4.3,-3.52,-7.82,157,177,255
WN,8,Ia0,93.4,4.37e+06,7.87e+01,30200,-0.30,-8.7,-3.15,-11.85,162,183,255
WN,8,Ia,81.7,9.13e+05,3.60e+01,30200,-0.30,-7.0,-3.15,-10.15,162,183,255
WN,8,Ib,69.9,4.37e+05,2.49e+01,30200,-0.30,-6.2,-3.15,-9.35,162,183,255
WN,8,II,58.2,3.60e+05,1.96e+01,32400,-0.31,-5.8,-3.34,-9.14,158,183,255
WN,8,III,46.5,2.07e+05,1.49e+01,32400,-0.31,-5.2,-3.34,-8.54,157,178,255
WN,8,IV,34.7,1.57e+05,1.30e+01,32400,-0.31,-4.9,-3.34,-8.24,153,176,255
WN,8,V,23.0,9.91e+04,1.03e+01,32400,-0.31,-4.4,-3.34,-7.74,157,177,255
WN,8,VI,7.6,5.70e+04,7.81e+00,32400,-0.31,-3.8,-3.34,-7.14,157,177,255
WN,9,Ia0,71.8,3.19e+06,8.05e+01,27600,-0.29,-8.6,-2.91,-11.51,164,185,255
WN,9,Ia,63.1,7.31e+05,3.85e+01,27600,-0.29,-7.0,-2.91,-9.91,164,185,255
WN,9,Ib,54.5,3.19e+05,2.55e+01,27600,-0.29,-6.1,-2.91,-9.01,164,185,255
WN,9,II,45.9,2.76e+05,1.98e+01,30200,-0.30,-5.7,-3.15,-8.85,160,186,255
WN,9,III,37.3,1.59e+05,1.50e+01,30200,-0.30,-5.1,-3.15,-8.25,158,177,255
WN,9,IV,28.6,1.10e+05,1.25e+01,30200,-0.30,-4.7,-3.15,-7.85,155,177,255
WN,9,V,20.0,5.76e+04,9.04e+00,30200,-0.30,-4.0,-3.15,-7.15,154,178,255
WN,9,VI,6.7,3.31e+04,6.85e+00,30200,-0.30,-3.4,-3.15,-6.55,154,178,255
R,0,Ia0,12.0,8.13e+05,1.42e+03,4669,1.03,-9.4,-0.62,-10.02,255,231,193
R,0,Ia,10.2,1.70e+05,6.49e+02,4669,1.03,-7.7,-0.62,-8.32,255,231,193
R,0,Ib,8.3,9.77e+03,1.56e+02,4669,1.03,-4.6,-0.62,-5.22,255,231,193
R,0,II,6.5,1.29e+03,5.65e+01,4669,1.03,-2.4,-0.62,-3.02,255,237,209
R,0,III,4.6,8.91e+01,1.49e+01,4669,1.03,0.5,-0.62,-0.12,255,243,233
R,0,IV,2.8,6.20e+00,2.76e+00,5560,0.75,3.0,-0.23,2.77,255,245,238
R,0,V,0.9,9.82e-01,1.10e+00,5560,0.75,5.0,-0.23,4.77,255,241,229
R,0,VI,0.8,2.97e-01,6.05e-01,5560,0.75,6.3,-0.23,6.07,255,241,229
R,1,Ia0,12.4,8.71e+05,1.54e+03,4561,1.07,-9.4,-0.70,-10.10,255,228,187
R,1,Ia,10.5,1.66e+05,6.72e+02,4561,1.07,-7.6,-0.70,-8.30,255,228,187
R,1,Ib,8.6,1.05e+04,1.69e+02,4561,1.07,-4.6,-0.70,-5.30,255,228,187
R,1,II,6.7,1.38e+03,6.13e+01,4561,1.07,-2.4,-0.70,-3.10,255,234,201
R,1,III,4.7,1.05e+02,1.69e+01,4561,1.07,0.4,-0.70,-0.30,255,239,222
R,1,IV,2.8,6.61e+00,3.11e+00,5331,0.82,3.0,-0.30,2.70,255,241,229
R,1,V,0.9,7.94e-01,1.08e+00,5331,0.82,5.3,-0.30,5.00,255,238,222
R,1,VI,0.7,2.19e-01,5.65e-01,5331,0.82,6.7,-0.30,6.40,255,238,222
R,2,Ia0,12.8,9.40e+05,1.68e+03,4453,1.11,-9.4,-0.78,-10.18,255,225,182
R,2,Ia,10.8,1.79e+05,7.33e+02,4453,1.11,-7.6,-0.78,-8.38,255,225,182
R,2,Ib,8.8,1.24e+04,1.93e+02,4453,1.11,-4.7,-0.78,-5.48,255,225,182
R,2,II,6.8,1.49e+03,6.68e+01,4453,1.11,-2.4,-0.78,-3.18,255,230,192
R,2,III,4.8,1.36e+02,2.02e+01,4453,1.11,0.2,-0.78,-0.58,255,234,211
R,2,IV,2.8,7.17e+00,3.53e+00,5102,0.89,3.0,-0.39,2.61,255,238,221
R,2,V,0.8,6.54e-01,1.07e+00,5102,0.89,5.6,-0.39,5.21,255,235,216
R,2,VI,0.7,1.80e-01,5.60e-01,5102,0.89,7.0,-0.39,6.61,255,235,216
R,3,Ia0,13.3,9.32e+05,1.75e+03,4346,1.15,-9.3,-0.87,-10.17,255,222,176
R,3,Ia,11.2,1.78e+05,7.66e+02,4346,1.15,-7.5,-0.87,-8.37,255,222,176
R,3,Ib,9.1,1.35e+04,2.11e+02,4346,1.15,-4.7,-0.87,-5.57,255,222,176
R,3,II,7.0,1.78e+03,7.66e+01,4346,1.15,-2.5,-0.87,-3.37,255,227,184
R,3,III,5.0,1.62e+02,2.31e+01,4346,1.15,0.1,-0.87,-0.77,255,230,199
R,3,IV,2.9,7.26e+00,3.90e+00,4873,0.97,3.1,-0.50,2.60,255,234,212
R,3,V,0.8,5.50e-01,1.07e+00,4873,0.97,5.9,-0.50,5.40,255,233,209
R,3,VI,0.6,1.52e-01,5.63e-01,4873,0.97,7.3,-0.50,6.80,255,233,209
R,4,Ia0,13.7,1.02e+06,1.93e+03,4238,1.19,-9.3,-0.97,-10.27,255,219,171
R,4,Ia,11.5,1.95e+05,8.44e+02,4238,1.19,-7.5,-0.97,-8.47,255,219,171
R,4,Ib,9.4,1.62e+04,2.43e+02,4238,1.19,-4.8,-0.97,-5.77,255,219,171
R,4,II,7.2,1.95e+03,8.44e+01,4238,1.19,-2.5,-0.97,-3.47,255,223,175
R,4,III,5.1,1.95e+02,2.67e+01,4238,1.19,0.0,-0.97,-0.97,255,225,188
R,4,IV,2.9,8.25e+00,4.57e+00,4644,1.04,3.1,-0.64,2.46,255,231,203
R,4,V,0.8,5.21e-01,1.15e+00,4644,1.04,6.1,-0.64,5.46,255,230,203
R,4,VI,0.6,1.19e-01,5.50e-01,4644,1.04,7.7,-0.64,7.06,255,230,203
R,5,Ia0,14.1,1.13e+06,2.14e+03,4130,1.23,-9.3,-1.08,-10.38,255,216,165
R,5,Ia,11.9,1.97e+05,8.93e+02,4130,1.23,-7.4,-1.08,-8.48,255,216,165
R,5,Ib,9.6,2.16e+04,2.96e+02,4130,1.23,-5.0,-1.08,-6.08,255,216,165
R,5,II,7.4,2.16e+03,9.35e+01,4130,1.23,-2.5,-1.08,-3.58,255,220,167
R,5,III,5.2,2.59e+02,3.24e+01,4130,1.23,-0.2,-1.08,-1.28,255,221,177
R,5,IV,2.9,9.67e+00,5.47e+00,4416,1.12,3.1,-0.81,2.29,255,227,194
R,5,V,0.7,4.63e-01,1.20e+00,4416,1.12,6.4,-0.81,5.59,255,227,196
R,5,VI,0.5,8.81e-02,5.23e-01,4416,1.12,8.2,-0.81,7.39,255,227,196
R,6,Ia0,14.5,1.26e+06,2.39e+03,4023,1.27,-9.3,-1.20,-10.50,255,213,160
R,6,Ia,12.2,2.20e+05,9.95e+02,4023,1.27,-7.4,-1.20,-8.60,255,213,160
R,6,Ib,9.9,3.18e+04,3.78e+02,4023,1.27,-5.3,-1.20,-6.50,255,213,160
R,6,II,7.6,2.41e+03,1.04e+02,4023,1.27,-2.5,-1.20,-3.70,255,217,158
R,6,III,5.3,3.18e+02,3.78e+01,4023,1.27,-0.3,-1.20,-1.50,255,216,166
R,6,IV,3.0,1.17e+01,6.71e+00,4187,1.21,3.1,-1.02,2.08,255,224,186
R,6,V,0.7,4.26e-01,1.28e+00,4187,1.21,6.7,-1.02,5.68,255,219,182
R,6,VI,0.4,6.76e-02,5.09e-01,4187,1.21,8.7,-1.02,7.68,255,219,182
R,7,Ia0,15.0,1.43e+06,2.68e+03,3915,1.32,-9.3,-1.34,-10.64,255,210,154
R,7,Ia,12.6,2.27e+05,1.07e+03,3915,1.32,-7.3,-1.34,-8.64,255,210,154
R,7,Ib,10.2,3.94e+04,4.45e+02,3915,1.32,-5.4,-1.34,-6.74,255,210,154
R,7,II,7.8,2.99e+03,1.22e+02,3915,1.32,-2.6,-1.34,-3.94,255,213,150
R,7,III,5.4,3.94e+02,4.45e+01,3915,1.32,-0.4,-1.34,-1.74,255,212,154
R,7,IV,3.0,1.36e+01,8.08e+00,3958,1.30,3.2,-1.28,1.92,255,220,177
R,7,V,0.6,2.59e-01,1.12e+00,3958,1.30,7.5,-1.28,6.22,255,211,168
R,7,VI,0.4,4.50e-02,4.65e-01,3958,1.30,9.4,-1.28,8.12,255,211,168
R,8,Ia0,15.4,1.64e+06,3.03e+03,3808,1.36,-9.3,-1.48,-10.78,255,207,149
R,8,Ia,12.9,2.59e+05,1.21e+03,3808,1.36,-7.3,-1.48,-8.78,255,207,149
R,8,Ib,10.4,4.50e+04,5.03e+02,3808,1.36,-5.4,-1.48,-6.88,255,207,149
R,8,II,8.0,3.42e+03,1.38e+02,3808,1.36,-2.6,-1.48,-4.08,255,210,141
R,8,III,5.5,5.41e+02,5.51e+01,3808,1.36,-0.6,-1.48,-2.08,255,207,143
R,8,IV,3.0,1.82e+01,1.05e+01,3729,1.39,3.2,-1.60,1.60,255,216,168
R,8,V,0.6,1.82e-01,1.05e+00,3729,1.39,8.2,-1.60,6.60,255,203,153
R,8,VI,0.3,3.80e-02,4.82e-01,3729,1.39,9.9,-1.60,8.30,255,203,153
R,9,Ia0,15.8,1.90e+06,3.46e+03,3700,1.41,-9.3,-1.65,-10.95,255,204,143
R,9,Ia,13.3,2.74e+05,1.31e+03,3700,1.41,-7.2,-1.65,-8.85,255,204,143
R,9,Ib,10.7,5.73e+04,6.00e+02,3700,1.41,-5.5,-1.65,-7.15,255,204,143
R,9,II,8.2,3.96e+03,1.58e+02,3700,1.41,-2.6,-1.65,-4.25,255,207,133
R,9,III,5.6,6.89e+02,6.58e+01,3700,1.41,-0.7,-1.65,-2.35,255,203,132
R,9,IV,3.1,2.60e+01,1.43e+01,3500,1.49,3.2,-1.99,1.21,255,213,160
R,9,V,0.5,1.25e-01,9.90e-01,3500,1.49,9.0,-1.99,7.01,255,195,139
R,9,VI,0.2,3.76e-02,5.44e-01,3500,1.49,10.3,-1.99,8.31,255,195,139
C,0,Ia0,12.0,8.13e+05,1.42e+03,4669,1.03,-9.4,-0.62,-10.02,255,231,193
C,0,Ia,10.2,1.70e+05,6.49e+02,4669,1.03,-7.7,-0.62,-8.32,255,231,193
C,0,Ib,8.3,9.77e+03,1.56e+02,4669,1.03,-4.6,-0.62,-5.22,255,231,193
C,0,II,6.5,1.29e+03,5.65e+01,4669,1.03,-2.4,-0.62,-3.02,255,237,209
C,0,III,4.6,8.91e+01,1.49e+01,4669,1.03,0.5,-0.62,-0.12,255,243,233
C,0,IV,2.8,6.20e+00,2.76e+00,5560,0.75,3.0,-0.23,2.77,255,245,238
C,0,V,0.9,9.82e-01,1.10e+00,5560,0.75,5.0,-0.23,4.77,255,241,229
C,0,VI,0.8,2.97e-01,6.05e-01,5560,0.75,6.3,-0.23,6.07,255,241,229
C,1,Ia0,12.7,1.10e+06,1.88e+03,4371,1.14,-9.5,-0.85,-10.35,255,222,172
C,1,Ia,10.8,1.91e+05,7.85e+02,4371,1.14,-7.6,-0.85,-8.45,255,222,172
C,1,Ib,8.8,1.20e+04,1.97e+02,4371,1.14,-4.6,-0.85,-5.45,255,222,172
C,1,II,6.8,1.59e+03,7.16e+01,4371,1.14,-2.4,-0.85,-3.25,255,232,196
C,1,III,4.8,1.32e+02,2.06e+01,4371,1.14,0.3,-0.85,-0.55,255,242,224
C,1,IV,2.8,7.00e+00,3.41e+00,5164,0.87,3.0,-0.36,2.64,255,241,228
C,1,V,0.8,6.39e-01,1.03e+00,5164,0.87,5.6,-0.36,5.24,255,235,218
C,1,VI,0.7,1.76e-01,5.40e-01,5164,0.87,7.0,-0.36,6.64,255,235,218
C,2,Ia0,13.5,1.31e+06,2.37e+03,4073,1.25,-9.4,-1.15,-10.55,255,214,150
C,2,Ia,11.4,2.28e+05,9.89e+02,4073,1.25,-7.5,-1.15,-8.65,255,214,150
C,2,Ib,9.2,1.73e+04,2.72e+02,4073,1.25,-4.7,-1.15,-5.85,255,214,150
C,2,II,7.1,2.28e+03,9.89e+01,4073,1.25,-2.5,-1.15,-3.65,255,226,183
C,2,III,5.0,2.08e+02,2.99e+01,4073,1.25,0.1,-1.15,-1.05,255,241,215
C,2,IV,2.9,7.67e+00,4.18e+00,4769,1.00,3.1,-0.56,2.54,255,236,218
C,2,V,0.8,2.78e-01,7.97e-01,4769,1.00,6.7,-0.56,6.14,255,228,207
C,2,VI,0.7,1.33e-01,5.51e-01,4769,1.00,7.5,-0.56,6.94,255,228,207
C,3,Ia0,14.2,1.71e+06,3.15e+03,3776,1.37,-9.3,-1.53,-10.83,255,206,129
C,3,Ia,12.0,2.97e+05,1.31e+03,3776,1.37,-7.4,-1.53,-8.93,255,206,129
C,3,Ib,9.7,2.47e+04,3.78e+02,3776,1.37,-4.7,-1.53,-6.23,255,206,129
C,3,II,7.4,3.57e+03,1.44e+02,3776,1.37,-2.6,-1.53,-4.13,255,221,170
C,3,III,5.2,3.57e+02,4.55e+01,3776,1.37,-0.1,-1.53,-1.63,255,240,207
C,3,IV,2.9,1.00e+01,5.68e+00,4373,1.14,3.1,-0.85,2.25,255,232,209
C,3,V,0.7,1.20e-01,6.23e-01,4373,1.14,7.9,-0.85,7.05,255,222,196
C,3,VI,0.6,9.12e-02,5.42e-01,4373,1.14,8.2,-0.85,7.35,255,222,196
C,4,Ia0,15.0,2.71e+06,4.67e+03,3478,1.50,-9.3,-2.03,-11.33,255,198,107
C,4,Ia,12.6,4.29e+05,1.86e+03,3478,1.50,-7.3,-2.03,-9.33,255,198,107
C,4,Ib,10.2,4.29e+04,5.88e+02,3478,1.50,-4.8,-2.03,-6.83,255,198,107
C,4,II,7.8,6.20e+03,2.23e+02,3478,1.50,-2.7,-2.03,-4.73,255,216,157
C,4,III,5.4,6.80e+02,7.40e+01,3478,1.50,-0.3,-2.03,-2.33,255,239,198
C,4,IV,3.0,1.46e+01,8.28e+00,3978,1.29,3.1,-1.26,1.84,255,227,199
C,4,V,0.6,6.36e-02,5.47e-01,3978,1.29,9.0,-1.26,7.74,255,215,185
C,4,VI,0.5,6.36e-02,5.47e-01,3978,1.29,9.0,-1.26,7.74,255,215,185
C,5,Ia0,15.7,4.94e+06,7.55e+03,3180,1.65,-9.3,-2.68,-11.98,255,190,086
C,5,Ia,13.2,7.83e+05,3.00e+03,3180,1.65,-7.3,-2.68,-9.98,255,190,086
C,5,Ib,10.6,9.41e+04,1.04e+03,3180,1.65,-5.0,-2.68,-7.68,255,190,086
C,5,II,8.1,1.13e+04,3.61e+02,3180,1.65,-2.7,-2.68,-5.38,255,211,143
C,5,III,5.5,1.49e+03,1.31e+02,3180,1.65,-0.5,-2.68,-3.18,255,237,189
C,5,IV,3.0,2.27e+01,1.28e+01,3582,1.46,3.2,-1.84,1.36,255,223,189
C,5,V,0.5,5.20e-03,1.93e-01,3582,1.46,12.3,-1.84,10.46,255,209,174
C,5,VI,0.4,3.28e-02,4.85e-01,3582,1.46,10.3,-1.84,8.46,255,209,174
C,6,Ia0,14.8,1.09e+07,1.36e+04,2883,1.80,-9.3,-3.54,-12.84,255,182,064
C,6,Ia,12.4,1.57e+06,5.18e+03,2883,1.80,-7.2,-3.54,-10.74,255,182,064
C,6,Ib,10.0,2.73e+05,2.16e+03,2883,1.80,-5.3,-3.54,-8.84,255,182,064
C,6,II,7.6,2.73e+04,6.83e+02,2883,1.80,-2.8,-3.54,-6.34,255,205,130
C,6,III,5.2,3.95e+03,2.60e+02,2883,1.80,-0.7,-3.54,-4.24,255,236,180
C,6,IV,2.8,4.86e+01,2.36e+01,3187,1.64,3.2,-2.67,0.53,255,218,179
C,6,V,0.4,1.34e-03,1.24e-01,3187,1.64,14.6,-2.67,11.93,255,206,158
C,6,VI,0.3,3.07e-03,1.87e-01,3187,1.64,13.7,-2.67,11.03,255,206,158
C,7,Ia0,13.9,2.85e+07,2.74e+04,2585,1.98,-9.2,-4.69,-13.89,255,173,043
C,7,Ia,11.6,4.12e+06,1.04e+04,2585,1.98,-7.1,-4.69,-11.79,255,173,043
C,7,Ib,9.3,8.61e+05,4.77e+03,2585,1.98,-5.4,-4.69,-10.09,255,173,043
C,7,II,7.1,8.61e+04,1.51e+03,2585,1.98,-2.9,-4.69,-7.59,255,200,117
C,7,III,4.8,9.44e+03,4.99e+02,2585,1.98,-0.5,-4.69,-5.19,255,235,172
C,7,IV,2.5,1.46e+02,5.33e+01,2791,1.86,3.2,-3.86,-0.66,255,214,170
C,7,V,0.3,5.30e-04,1.01e-01,2791,1.86,16.8,-3.86,12.94,255,204,141
C,7,VI,0.3,5.30e-04,1.01e-01,2791,1.86,16.8,-3.86,12.94,255,204,141
C,8,Ia0,12.9,1.08e+08,6.82e+04,2288,2.17,-9.1,-6.23,-15.33,255,165,021
C,8,Ia,10.8,1.56e+07,2.59e+04,2288,2.17,-7.0,-6.23,-13.23,255,165,021
C,8,Ib,8.7,3.26e+06,1.18e+04,2288,2.17,-5.3,-6.23,-11.53,255,165,021
C,8,II,6.6,3.58e+05,3.92e+03,2288,2.17,-2.9,-6.23,-9.13,255,195,104
C,8,III,4.4,2.97e+04,1.13e+03,2288,2.17,-0.2,-6.23,-6.43,255,234,163
C,8,IV,2.3,6.70e+02,1.55e+02,2396,2.10,3.3,-5.61,-2.31,255,209,160
C,8,V,0.2,9.68e-04,1.86e-01,2396,2.10,17.9,-5.61,12.29,255,201,125
C,8,VI,0.2,6.70e-04,1.55e-01,2396,2.10,18.3,-5.61,12.69,255,201,125
C,9,Ia0,12.0,7.11e+08,2.31e+05,1990,2.40,-9.0,-8.38,-17.38,255,157,000
C,9,Ia,10.0,1.03e+08,8.79e+04,1990,2.40,-6.9,-8.38,-15.28,255,157,000
C,9,Ib,8.0,2.15e+07,4.02e+04,1990,2.40,-5.2,-8.38,-13.58,255,157,000
C,9,II,6.0,2.83e+06,1.46e+04,1990,2.40,-3.0,-8.38,-11.38,255,190,091
C,9,III,4.1,1.79e+05,3.67e+03,1990,2.40,0.0,-8.38,-8.38,255,233,154
C,9,IV,2.1,7.91e+03,7.64e+02,2000,2.39,3.3,-8.30,-5.00,255,205,150
C,9,V,0.1,4.15e-03,5.53e-01,2000,2.39,19.0,-8.30,10.70,255,198,108
C,9,VI,0.1,4.15e-03,5.53e-01,2000,2.39,19.0,-8.30,10.70,255,198,108
S,0,Ia0,15.8,1.90e+06,3.46e+03,3700,1.41,-9.3,-1.65,-10.95,255,204,143
S,0,Ia,13.3,2.74e+05,1.31e+03,3700,1.41,-7.2,-1.65,-8.85,255,204,143
S,0,Ib,10.7,5.73e+04,6.00e+02,3700,1.41,-5.5,-1.65,-7.15,255,204,143
S,0,II,8.2,3.96e+03,1.58e+02,3700,1.41,-2.6,-1.65,-4.25,255,207,133
S,0,III,5.6,6.89e+02,6.58e+01,3700,1.41,-0.7,-1.65,-2.35,255,203,132
S,0,IV,3.1,2.60e+01,1.43e+01,3500,1.49,3.2,-1.99,1.21,255,213,160
S,0,V,0.5,1.25e-01,9.90e-01,3500,1.49,9.0,-1.99,7.01,255,195,139
S,0,VI,0.2,3.76e-02,5.44e-01,3500,1.49,10.3,-1.99,8.31,255,195,139
S,1,Ia0,15.1,2.56e+06,4.46e+03,3510,1.49,-9.3,-1.97,-11.27,255,202,138
S,1,Ia,12.7,3.37e+05,1.62e+03,3510,1.49,-7.1,-1.97,-9.07,255,202,138
S,1,Ib,10.2,7.73e+04,7.75e+02,3510,1.49,-5.5,-1.97,-7.47,255,202,138
S,1,II,7.8,5.86e+03,2.13e+02,3510,1.49,-2.7,-1.97,-4.67,255,205,128
S,1,III,5.3,9.29e+02,8.50e+01,3510,1.49,-0.7,-1.97,-2.67,255,200,121
S,1,IV,2.9,3.55e+01,1.84e+01,3333,1.57,3.2,-2.33,0.87,255,212,159
S,1,V,0.5,6.18e-02,7.68e-01,3333,1.57,10.1,-2.33,7.77,255,204,142
S,1,VI,0.2,1.86e-02,4.22e-01,3333,1.57,11.4,-2.33,9.07,255,204,142
S,2,Ia0,14.5,3.65e+06,5.95e+03,3320,1.58,-9.3,-2.36,-11.66,255,193,104
S,2,Ia,12.1,4.81e+05,2.16e+03,3320,1.58,-7.1,-2.36,-9.46,255,193,104
S,2,Ib,9.8,1.10e+05,1.03e+03,3320,1.58,-5.5,-2.36,-7.86,255,193,104
S,2,II,7.4,8.36e+03,2.85e+02,3320,1.58,-2.7,-2.36,-5.06,255,203,124
S,2,III,5.1,1.21e+03,1.08e+02,3320,1.58,-0.6,-2.36,-2.96,255,198,118
S,2,IV,2.7,5.09e+01,2.44e+01,3167,1.65,3.2,-2.72,0.48,255,211,157
S,2,V,0.4,3.21e-02,6.14e-01,3167,1.65,11.2,-2.72,8.48,255,196,131
S,2,VI,0.2,8.85e-03,3.22e-01,3167,1.65,12.6,-2.72,9.88,255,196,131
S,3,Ia0,13.8,5.07e+06,7.89e+03,3130,1.67,-9.2,-2.81,-12.01,255,192,118
S,3,Ia,11.6,7.33e+05,3.00e+03,3130,1.67,-7.1,-2.81,-9.91,255,192,118
S,3,Ib,9.3,1.68e+05,1.44e+03,3130,1.67,-5.5,-2.81,-8.31,255,192,118
S,3,II,7.1,1.40e+04,4.14e+02,3130,1.67,-2.8,-2.81,-5.61,255,201,119
S,3,III,4.8,1.84e+03,1.50e+02,3130,1.67,-0.6,-2.81,-3.41,255,200,119
S,3,IV,2.6,7.76e+01,3.36e+01,3000,1.74,3.2,-3.18,0.02,255,210,156
S,3,V,0.3,1.78e-02,5.09e-01,3000,1.74,12.3,-3.18,9.12,255,206,129
S,3,VI,0.2,4.90e-03,2.67e-01,3000,1.74,13.7,-3.18,10.52,255,206,129
S,4,Ia0,13.2,8.38e+06,1.15e+04,2940,1.77,-9.2,-3.36,-12.56,255,185,104
S,4,Ia,11.0,1.10e+06,4.18e+03,2940,1.77,-7.0,-3.36,-10.36,255,185,104
S,4,Ib,8.9,2.77e+05,2.09e+03,2940,1.77,-5.5,-3.36,-8.86,255,185,104
S,4,II,6.7,2.31e+04,6.04e+02,2940,1.77,-2.8,-3.36,-6.16,255,199,114
S,4,III,4.6,2.77e+03,2.09e+02,2940,1.77,-0.5,-3.36,-3.86,255,206,127
S,4,IV,2.4,1.27e+02,4.83e+01,2833,1.83,3.2,-3.71,-0.51,255,209,155
S,4,V,0.3,1.06e-02,4.40e-01,2833,1.83,13.4,-3.71,9.69,255,201,127
S,4,VI,0.1,2.66e-03,2.21e-01,2833,1.83,14.9,-3.71,11.19,255,201,127
S,5,Ia0,12.5,1.53e+07,1.78e+04,2750,1.88,-9.2,-4.01,-13.21,255,178,078
S,5,Ia,10.5,2.02e+06,6.45e+03,2750,1.88,-7.0,-4.01,-11.01,255,178,078
S,5,Ib,8.4,5.07e+05,3.23e+03,2750,1.88,-5.5,-4.01,-9.51,255,178,078
S,5,II,6.4,4.62e+04,9.76e+02,2750,1.88,-2.9,-4.01,-6.91,255,197,110
S,5,III,4.3,5.07e+03,3.23e+02,2750,1.88,-0.5,-4.01,-4.51,255,197,124
S,5,IV,2.3,2.07e+02,6.94e+01,2667,1.93,3.3,-4.34,-1.04,255,209,154
S,5,V,0.2,6.24e-03,3.81e-01,2667,1.93,14.6,-4.34,10.26,255,204,111
S,5,VI,0.1,1.72e-03,2.00e-01,2667,1.93,16.0,-4.34,11.66,255,204,111
S,6,Ia0,12.4,2.88e+07,2.81e+04,2560,2.00,-9.1,-4.80,-13.90,255,171,052
S,6,Ia,10.3,4.17e+06,1.07e+04,2560,2.00,-7.0,-4.80,-11.80,255,171,052
S,6,Ib,8.3,9.55e+05,5.12e+03,2560,2.00,-5.4,-4.80,-10.20,255,171,052
S,6,II,6.3,9.55e+04,1.62e+03,2560,2.00,-2.9,-4.80,-7.70,255,195,105
S,6,III,4.2,9.55e+03,5.12e+02,2560,2.00,-0.4,-4.80,-5.20,255,178,121
S,6,IV,2.2,4.10e+02,1.11e+02,2500,2.03,3.3,-5.08,-1.78,255,208,153
S,6,V,0.2,4.50e-03,3.68e-01,2500,2.03,15.7,-5.08,10.62,255,195,112
S,6,VI,0.1,1.63e-03,2.22e-01,2500,2.03,16.8,-5.08,11.72,255,195,112
S,7,Ia0,12.3,6.96e+07,5.10e+04,2370,2.12,-9.1,-5.76,-14.86,255,164,026
S,7,Ia,10.2,9.18e+06,1.85e+04,2370,2.12,-6.9,-5.76,-12.66,255,164,026
S,7,Ib,8.2,2.10e+06,8.87e+03,2370,2.12,-5.3,-5.76,-11.06,255,164,026
S,7,II,6.2,2.53e+05,3.07e+03,2370,2.12,-3.0,-5.76,-8.76,255,193,100
S,7,III,4.2,2.10e+04,8.87e+02,2370,2.12,-0.3,-5.76,-6.06,255,165,097
S,7,IV,2.1,9.26e+02,1.92e+02,2333,2.14,3.3,-5.97,-2.67,255,207,152
S,7,V,0.1,3.69e-03,3.83e-01,2333,2.14,16.8,-5.97,10.83,255,197,111
S,7,VI,0.1,1.94e-03,2.78e-01,2333,2.14,17.5,-5.97,11.53,255,197,111
S,8,Ia0,12.1,2.05e+08,1.03e+05,2180,2.25,-9.1,-6.93,-16.03,255,157,000
S,8,Ia,10.1,2.70e+07,3.76e+04,2180,2.25,-6.9,-6.93,-13.83,255,157,000
S,8,Ib,8.1,5.15e+06,1.64e+04,2180,2.25,-5.1,-6.93,-12.03,255,157,000
S,8,II,6.1,7.44e+05,6.23e+03,2180,2.25,-3.0,-6.93,-9.93,255,192,096
S,8,III,4.1,5.15e+04,1.64e+03,2180,2.25,-0.1,-6.93,-7.03,255,167,097
S,8,IV,2.1,2.44e+03,3.61e+02,2167,2.26,3.3,-7.02,-3.72,255,206,151
S,8,V,0.1,3.53e-03,4.34e-01,2167,2.26,17.9,-7.02,10.88,255,198,109
S,8,VI,0.1,2.44e-03,3.61e-01,2167,2.26,18.3,-7.02,11.28,255,198,109
S,9,Ia0,12.0,7.11e+08,2.31e+05,1990,2.40,-9.0,-8.38,-17.38,255,157,000
S,9,Ia,10.0,1.03e+08,8.79e+04,1990,2.40,-6.9,-8.38,-15.28,255,157,000
S,9,Ib,8.0,1.79e+07,3.67e+04,1990,2.40,-5.0,-8.38,-13.38,255,157,000
S,9,II,6.0,2.83e+06,1.46e+04,1990,2.40,-3.0,-8.38,-11.38,255,190,091
S,9,III,4.1,1.79e+05,3.67e+03,1990,2.40,0.0,-8.38,-8.38,255,233,154
S,9,IV,2.1,7.91e+03,7.64e+02,2000,2.39,3.3,-8.30,-5.00,255,205,150
S,9,V,0.1,4.15e-03,5.53e-01,2000,2.39,19.0,-8.30,10.70,255,198,108
S,9,VI,0.1,4.15e-03,5.53e-01,2000,2.39,19.0,-8.30,10.70,255,198,108
DA,0,,1.1,6.91e+00,9.02e-03,100000,-0.37,10.2,-7.55,2.65,155,178,255
DA,1,,0.9,2.65e-01,6.96e-03,50400,-0.35,10.8,-4.61,6.19,159,181,255
DA,2,,0.8,2.55e-02,8.64e-03,25200,-0.27,11.4,-2.67,8.73,168,189,255
DA,3,,0.7,6.02e-03,9.44e-03,16800,-0.20,11.9,-1.60,10.30,179,197,255
DA,4,,0.6,1.82e-03,9.22e-03,12600,-0.13,12.5,-0.90,11.60,192,207,255
DA,5,,0.5,6.93e-04,8.90e-03,10080,-0.07,13.1,-0.45,12.65,207,218,255
DA,6,,0.4,3.15e-04,8.64e-03,8400,0.09,13.7,-0.20,13.50,224,230,255
DA,7,,0.3,1.80e-04,8.89e-03,7200,0.34,14.2,-0.09,14.11,243,243,255
DA,8,,0.2,1.05e-04,8.87e-03,6300,0.55,14.8,-0.10,14.70,255,247,245
DA,9,,0.1,6.73e-05,8.98e-03,5600,0.74,15.4,-0.22,15.18,255,239,225
DB,0,,1.1,6.91e+00,9.02e-03,100000,-0.37,10.2,-7.55,2.65,155,178,255
DB,1,,0.9,2.65e-01,6.96e-03,50400,-0.35,10.8,-4.61,6.19,159,181,255
DB,2,,0.8,2.55e-02,8.64e-03,25200,-0.27,11.4,-2.67,8.73,168,189,255
DB,3,,0.7,6.02e-03,9.44e-03,16800,-0.20,11.9,-1.60,10.30,179,197,255
DB,4,,0.6,1.82e-03,9.22e-03,12600,-0.13,12.5,-0.90,11.60,192,207,255
DB,5,,0.5,6.93e-04,8.90e-03,10080,-0.07,13.1,-0.45,12.65,207,218,255
DB,6,,0.4,3.15e-04,8.64e-03,8400,0.09,13.7,-0.20,13.50,224,230,255
DB,7,,0.3,1.80e-04,8.89e-03,7200,0.34,14.2,-0.09,14.11,243,243,255
DB,8,,0.2,1.05e-04,8.87e-03,6300,0.55,14.8,-0.10,14.70,255,247,245
DB,9,,0.1,6.73e-05,8.98e-03,5600,0.74,15.4,-0.22,15.18,255,239,225
DC,0,,1.1,6.91e+00,9.02e-03,100000,-0.37,10.2,-7.55,2.65,155,178,255
DC,1,,0.9,2.65e-01,6.96e-03,50400,-0.35,10.8,-4.61,6.19,159,181,255
DC,2,,0.8,2.55e-02,8.64e-03,25200,-0.27,11.4,-2.67,8.73,168,189,255
DC,3,,0.7,6.02e-03,9.44e-03,16800,-0.20,11.9,-1.60,10.30,179,197,255
DC,4,,0.6,1.82e-03,9.22e-03,12600,-0.13,12.5,-0.90,11.60,192,207,255
DC,5,,0.5,6.93e-04,8.90e-03,10080,-0.07,13.1,-0.45,12.65,207,218,255
DC,6,,0.4,3.15e-04,8.64e-03,8400,0.09,13.7,-0.20,13.50,224,230,255
DC,7,,0.3,1.80e-04,8.89e-03,7200,0.34,14.2,-0.09,14.11,243,243,255
DC,8,,0.2,1.05e-04,8.87e-03,6300,0.55,14.8,-0.10,14.70,255,247,245
DC,9,,0.1,6.73e-05,8.98e-03,5600,0.74,15.4,-0.22,15.18,255,239,225
DO,0,,1.1,6.91e+00,9.02e-03,100000,-0.37,10.2,-7.55,2.65,155,178,255
DO,1,,0.9,2.65e-01,6.96e-03,50400,-0.35,10.8,-4.61,6.19,159,181,255
DO,2,,0.8,2.55e-02,8.64e-03,25200,-0.27,11.4,-2.67,8.73,168,189,255
DO,3,,0.7,6.02e-03,9.44e-03,16800,-0.20,11.9,-1.60,10.30,179,197,255
DO,4,,0.6,1.82e-03,9.22e-03,12600,-0.13,12.5,-0.90,11.60,192,207,255
DO,5,,0.5,6.93e-04,8.90e-03,10080,-0.07,13.1,-0.45,12.65,207,218,255
DO,6,,0.4,3.15e-04,8.64e-03,8400,0.09,13.7,-0.20,13.50,224,230,255
DO,7,,0.3,1.80e-04,8.89e-03,7200,0.34,14.2,-0.09,14.11,243,243,255
DO,8,,0.2,1.05e-04,8.87e-03,6300,0.55,14.8,-0.10,14.70,255,247,245
DO,9,,0.1,6.73e-05,8.98e-03,5600,0.74,15.4,-0.22,15.18,255,239,225
DQ,0,,1.1,6.91e+00,9.02e-03,100000,-0.37,10.2,-7.55,2.65,155,178,255
DQ,1,,0.9,2.65e-01,6.96e-03,50400,-0.35,10.8,-4.61,6.19,159,181,255
DQ,2,,0.8,2.55e-02,8.64e-03,25200,-0.27,11.4,-2.67,8.73,168,189,255
DQ,3,,0.7,6.02e-03,9.44e-03,16800,-0.20,11.9,-1.60,10.30,179,197,255
DQ,4,,0.6,1.82e-03,9.22e-03,12600,-0.13,12.5,-0.90,11.60,192,207,255
DQ,5,,0.5,6.93e-04,8.90e-03,10080,-0.07,13.1,-0.45,12.65,207,218,255
DQ,6,,0.4,3.15e-04,8.64e-03,8400,0.09,13.7,-0.20,13.50,224,230,255
DQ,7,,0.3,1.80e-04,8.89e-03,7200,0.34,14.2,-0.09,14.11,243,243,255
DQ,8,,0.2,1.05e-04,8.87e-03,6300,0.55,14.8,-0.10,14.70,255,247,245
DQ,9,,0.1,6.73e-05,8.98e-03,5600,0.74,15.4,-0.22,15.18,255,239,225
DZ,0,,1.1,6.91e+00,9.02e-03,100000,-0.37,10.2,-7.55,2.65,155,178,255
DZ,1,,0.9,2.65e-01,6.96e-03,50400,-0.35,10.8,-4.61,6.19,159,181,255
DZ,2,,0.8,2.55e-02,8.64e-03,25200,-0.27,11.4,-2.67,8.73,168,189,255
DZ,3,,0.7,6.02e-03,9.44e-03,16800,-0.20,11.9,-1.60,10.30,179,197,255
DZ,4,,0.6,1.82e-03,9.22e-03,12600,-0.13,12.5,-0.90,11.60,192,207,255
DZ,5,,0.5,6.93e-04,8.90e-03,10080,-0.07,13.1,-0.45,12.65,207,218,255
DZ,6,,0.4,3.15e-04,8.64e-03,8400,0.09,13.7,-0.20,13.50,224,230,255
DZ,7,,0.3,1.80e-04,8.89e-03,7200,0.34,14.2,-0.09,14.11,243,243,255
DZ,8,,0.2,1.05e-04,8.87e-03,6300,0.55,14.8,-0.10,14.70,255,247,245
DZ,9,,0.1,6.73e-05,8.98e-03,5600,0.74,15.4,-0.22,15.18,255,239,225
